1	 241	 1	 18336260	 36095	 5	 3072.406494	 2	 18919698	 36072	 4	 3165.668213	 3	 10260777	 18033	 2	 1710.971069	
2	 241	 1	 18499328	 36416	 1	 3099.729980	 2	 19104830	 36425	 1	 3196.644775	 3	 10376853	 18237	 1	 1730.326538	
3	 241	 1	 19371056	 38132	 1	 3245.795898	 2	 19983008	 38099	 1	 3343.581543	 3	 10851399	 19071	 2	 1809.456421	
4	 241	 1	 21513800	 42350	 6	 3604.832031	 2	 22202019	 42330	 1	 3714.870361	 3	 12043454	 21166	 1	 2008.230103	
5	 241	 1	 25099264	 49408	 2	 4205.608887	 2	 25914872	 49409	 2	 4336.109863	 3	 14060559	 24711	 2	 2344.579590	
6	 241	 1	 26334720	 51840	 1	 4412.620605	 2	 27191670	 51843	 0	 4549.744141	 3	 14753032	 25928	 1	 2460.048584	
7	 241	 1	 28169108	 55451	 2	 4719.989258	 2	 29082034	 55447	 3	 4866.041992	 3	 15781215	 27735	 4	 2631.496826	
8	 241	 1	 28773120	 56640	 2	 4821.196777	 2	 29717055	 56658	 3	 4972.295410	 3	 16122046	 28334	 2	 2688.329834	
9	 241	 1	 28207208	 55526	 4	 4726.373047	 2	 29108668	 55498	 4	 4870.499023	 3	 15793164	 27756	 2	 2633.489258	
10	 241	 1	 28283408	 55676	 3	 4739.141113	 2	 29207947	 55687	 4	 4887.109375	 3	 15841529	 27841	 2	 2641.554199	
11	 241	 1	 29300424	 57678	 1	 4909.551270	 2	 30247849	 57670	 1	 5061.108398	 3	 16409960	 28840	 1	 2736.339111	
12	 241	 1	 30951424	 60928	 5	 5186.191406	 2	 31960998	 60936	 4	 5347.753906	 3	 17337999	 30471	 1	 2891.088379	
13	 241	 1	 31894272	 62784	 2	 5344.174316	 2	 32937109	 62797	 1	 5511.078125	 3	 17868307	 31403	 1	 2979.516602	
14	 241	 1	 32018732	 63029	 3	 5365.028320	 2	 33061300	 63034	 3	 5531.858398	 3	 17934311	 31519	 2	 2990.522705	
15	 241	 1	 31666180	 62335	 4	 5305.955078	 2	 32681562	 62310	 4	 5468.320312	 3	 17731747	 31163	 3	 2956.745361	
16	 241	 1	 30048708	 59151	 3	 5034.933105	 2	 31040352	 59181	 5	 5193.711426	 3	 16837848	 29592	 4	 2807.688965	
17	 241	 1	 28838144	 56768	 3	 4832.092285	 2	 29777488	 56773	 2	 4982.406250	 3	 16151634	 28386	 1	 2693.263672	
18	 241	 1	 27170888	 53486	 3	 4552.728516	 2	 28060684	 53500	 3	 4695.149414	 3	 15221888	 26752	 2	 2538.229736	
19	 241	 1	 26145744	 51468	 2	 4380.956055	 2	 27014323	 51505	 1	 4520.070801	 3	 14650612	 25748	 1	 2442.970215	
20	 241	 1	 26353008	 51876	 3	 4415.685059	 2	 27207570	 51873	 2	 4552.403320	 3	 14757015	 25935	 2	 2460.712891	
21	 241	 1	 27344624	 53828	 2	 4581.839355	 2	 28248046	 53857	 2	 4726.498047	 3	 15322032	 26928	 3	 2554.928711	
22	 241	 1	 30886400	 60800	 2	 5175.295898	 2	 31882257	 60786	 0	 5334.579590	 3	 17297600	 30400	 1	 2884.352051	
23	 241	 1	 35243008	 69376	 3	 5905.285156	 2	 36385548	 69372	 4	 6088.076172	 3	 19732351	 34679	 3	 3290.343506	
24	 241	 1	 37843968	 74496	 2	 6341.099609	 2	 39073759	 74497	 2	 6537.870117	 3	 21192974	 37246	 4	 3533.900391	
25	 241	 1	 39155116	 77077	 2	 6560.794434	 2	 40423624	 77071	 4	 6763.732422	 3	 21926984	 38536	 3	 3656.295654	
26	 241	 1	 39969440	 78680	 4	 6697.241699	 2	 41275478	 78695	 5	 6906.265137	 3	 22391857	 39353	 4	 3733.812744	
27	 241	 1	 41317672	 81334	 1	 6923.149902	 2	 42652782	 81321	 2	 7136.717773	 3	 23140661	 40669	 2	 3858.674805	
28	 241	 1	 44153328	 86916	 1	 7398.290039	 2	 45589705	 86920	 5	 7628.125488	 3	 24735568	 43472	 5	 4124.623535	
29	 241	 1	 46548548	 91631	 3	 7799.630859	 2	 48062033	 91634	 7	 8041.799805	 3	 26066459	 45811	 3	 4346.547852	
30	 241	 1	 45166280	 88910	 3	 7568.019043	 2	 46639932	 88923	 5	 7803.853516	 3	 25293757	 44453	 4	 4217.700684	
31	 241	 1	 41275000	 81250	 3	 6916.000000	 2	 42619247	 81257	 4	 7131.106445	 3	 23121884	 40636	 1	 3855.543701	
32	 241	 1	 35832796	 70537	 3	 6004.109375	 2	 36995116	 70534	 3	 6190.069336	 3	 20066923	 35267	 2	 3346.133057	
33	 241	 1	 33262824	 65478	 2	 5573.487305	 2	 34351537	 65494	 3	 5747.742676	 3	 18635319	 32751	 4	 3107.414795	
34	 241	 1	 32316420	 63615	 4	 5414.908691	 2	 33361888	 63607	 5	 5582.152832	 3	 18101597	 31813	 5	 3018.417480	
35	 241	 1	 31694120	 62390	 2	 5310.636719	 2	 32722031	 62387	 2	 5475.090820	 3	 17745972	 31188	 1	 2959.117432	
36	 241	 1	 30926532	 60879	 2	 5182.020508	 2	 31939444	 60895	 1	 5344.147949	 3	 17327188	 30452	 2	 2889.285645	
37	 241	 1	 30723332	 60479	 4	 5147.972656	 2	 31717122	 60471	 3	 5306.948242	 3	 17206560	 30240	 3	 2869.171143	
38	 241	 1	 29868876	 58797	 3	 5004.800781	 2	 30820702	 58762	 4	 5156.958496	 3	 16722341	 29389	 2	 2788.428223	
39	 241	 1	 28748228	 56591	 3	 4817.025879	 2	 29680373	 56588	 2	 4966.157715	 3	 16102131	 28299	 1	 2685.009033	
40	 241	 1	 28807664	 56708	 4	 4826.984863	 2	 29744052	 56709	 4	 4976.811035	 3	 16133426	 28354	 3	 2690.227539	
41	 241	 1	 28203652	 55519	 3	 4725.777344	 2	 29110357	 55501	 3	 4870.780762	 3	 15793164	 27756	 2	 2633.489258	
42	 241	 1	 26427176	 52022	 2	 4428.112793	 2	 27279113	 52010	 2	 4564.376465	 3	 14796845	 26005	 3	 2467.354492	
43	 241	 1	 25255728	 49716	 4	 4231.825684	 2	 26060307	 49686	 2	 4360.443359	 3	 14137374	 24846	 1	 2357.388428	
44	 241	 1	 24824944	 48868	 3	 4159.644043	 2	 25633740	 48873	 2	 4289.070801	 3	 13907498	 24442	 1	 2319.056885	
45	 241	 1	 25560528	 50316	 3	 4282.897949	 2	 26389693	 50314	 3	 4415.556641	 3	 14312057	 25153	 2	 2386.516602	
46	 241	 1	 26009092	 51199	 5	 4358.059082	 2	 26851187	 51194	 5	 4492.774902	 3	 14565831	 25599	 1	 2428.833008	
47	 241	 1	 26367232	 51904	 2	 4418.068359	 2	 27226518	 51909	 1	 4555.573242	 3	 14768395	 25955	 1	 2462.610352	
48	 241	 1	 27570176	 54272	 2	 4619.632812	 2	 28458255	 54258	 1	 4761.671387	 3	 15440384	 27136	 0	 2574.663574	
49	 241	 1	 28708096	 56512	 4	 4810.301270	 2	 29630153	 56492	 3	 4957.753906	 3	 16070267	 28243	 2	 2679.695801	
50	 241	 1	 29634180	 58335	 2	 4965.475098	 2	 30610836	 58362	 2	 5121.843750	 3	 16603420	 29180	 1	 2768.598389	
51	 241	 1	 31959296	 62912	 2	 5355.069336	 2	 32995246	 62908	 2	 5520.806152	 3	 17896757	 31453	 2	 2984.260742	
52	 241	 1	 35456876	 69797	 4	 5941.120605	 2	 36604479	 69789	 4	 6124.706543	 3	 19854686	 34894	 2	 3310.742676	
53	 241	 1	 36672520	 72190	 5	 6144.812988	 2	 37860884	 72185	 4	 6334.931641	 3	 20536348	 36092	 3	 3424.408936	
54	 241	 1	 35958272	 70784	 1	 6025.134277	 2	 37121405	 70775	 2	 6211.200684	 3	 20136910	 35390	 1	 3357.803223	
55	 241	 1	 33582864	 66108	 2	 5627.112793	 2	 34663189	 66088	 2	 5799.888184	 3	 18803174	 33046	 1	 3135.404541	
56	 241	 1	 30473904	 59988	 2	 5106.178711	 2	 31472098	 60004	 3	 5265.951172	 3	 17065448	 29992	 1	 2845.640869	
57	 241	 1	 29902912	 58864	 2	 5010.503906	 2	 30855695	 58829	 3	 5162.814453	 3	 16741118	 29422	 2	 2791.559326	
58	 241	 1	 28259024	 55628	 2	 4735.055176	 2	 29182263	 55638	 2	 4882.812012	 3	 15828442	 27818	 1	 2639.371826	
59	 241	 1	 27842464	 54808	 4	 4665.256836	 2	 28735224	 54786	 3	 4808.014160	 3	 15588324	 27396	 0	 2599.332520	
60	 241	 1	 27389836	 53917	 3	 4589.415039	 2	 28296267	 53949	 2	 4734.566895	 3	 15342516	 26964	 2	 2558.344238	
61	 241	 1	 27180032	 53504	 3	 4554.260254	 2	 28076386	 53530	 3	 4697.776855	 3	 15227578	 26762	 1	 2539.178467	
62	 241	 1	 27830780	 54785	 1	 4663.299316	 2	 28746321	 54807	 1	 4809.870117	 3	 15594014	 27406	 1	 2600.281250	
63	 241	 1	 27904440	 54930	 3	 4675.641602	 2	 28823307	 54954	 3	 4822.752441	 3	 15637258	 27482	 1	 2607.492188	
64	 241	 1	 27614880	 54360	 2	 4627.123047	 2	 28531243	 54397	 1	 4773.883301	 3	 15476231	 27199	 3	 2580.641113	
65	 241	 1	 27212036	 53567	 5	 4559.623047	 2	 28081288	 53539	 5	 4698.595703	 3	 15236113	 26777	 3	 2540.601807	
66	 241	 1	 25730200	 50650	 5	 4311.328125	 2	 26577939	 50673	 4	 4447.054688	 3	 14420736	 25344	 6	 2404.638672	
67	 241	 1	 25034240	 49280	 3	 4194.713379	 2	 25841950	 49270	 3	 4323.908691	 3	 14020160	 24640	 1	 2337.843262	
68	 241	 1	 24292560	 47820	 3	 4070.438477	 2	 25086736	 47830	 4	 4197.544922	 3	 13613894	 23926	 3	 2270.098877	
69	 241	 1	 23376128	 46016	 2	 3916.881836	 2	 24135933	 46017	 3	 4038.454590	 3	 13094397	 23013	 1	 2183.473389	
70	 241	 1	 22544532	 44379	 2	 3777.540527	 2	 23283162	 44391	 2	 3895.767334	 3	 12627248	 22192	 2	 2105.576904	
71	 241	 1	 23831296	 46912	 1	 3993.149414	 2	 24605344	 46912	 0	 4116.997070	 3	 13347033	 23457	 1	 2225.600098	
72	 241	 1	 27988260	 55095	 4	 4689.686523	 2	 28902048	 55104	 5	 4835.927246	 3	 15675950	 27550	 1	 2613.944092	
73	 241	 1	 33097724	 65153	 2	 5545.823242	 2	 34188124	 65182	 2	 5720.398926	 3	 18550538	 32602	 2	 3093.277832	
74	 241	 1	 36567872	 71984	 2	 6127.278320	 2	 37760721	 71994	 2	 6318.172363	 3	 20482293	 35997	 3	 3415.395264	
75	 241	 1	 38071044	 74943	 3	 6379.147949	 2	 39295065	 74919	 2	 6574.899414	 3	 21314740	 37460	 6	 3554.204834	
76	 241	 1	 38949376	 76672	 2	 6526.320801	 2	 40219135	 76681	 3	 6729.516602	 3	 21818874	 38346	 3	 3638.268555	
77	 241	 1	 39005764	 76783	 3	 6535.769043	 2	 40276355	 76790	 3	 6739.090332	 3	 21848462	 38398	 3	 3643.202148	
78	 241	 1	 38526720	 75840	 4	 6455.500977	 2	 39777130	 75838	 4	 6655.558594	 3	 21576480	 37920	 6	 3597.849609	
79	 241	 1	 37449252	 73719	 3	 6274.961426	 2	 38664682	 73717	 4	 6469.422363	 3	 20971064	 36856	 2	 3496.897217	
80	 241	 1	 34731452	 68369	 4	 5819.569336	 2	 35858607	 68367	 5	 5999.906250	 3	 19453541	 34189	 1	 3243.852295	
81	 241	 1	 31677356	 62357	 4	 5307.827637	 2	 32698280	 62342	 4	 5471.118164	 3	 17740851	 31179	 3	 2958.263428	
82	 241	 1	 27510740	 54155	 4	 4609.673828	 2	 28403331	 54153	 3	 4752.480469	 3	 15410796	 27084	 3	 2569.729980	
83	 241	 1	 25317196	 49837	 3	 4242.125488	 2	 26126460	 49812	 2	 4371.511719	 3	 14178911	 24919	 1	 2364.314697	
84	 241	 1	 26229564	 51633	 6	 4395.000977	 2	 27085622	 51641	 6	 4532.000977	 3	 14685890	 25810	 5	 2448.852783	
85	 241	 1	 28083256	 55282	 2	 4705.604004	 2	 28982953	 55258	 2	 4849.463379	 3	 15723177	 27633	 1	 2621.819092	
86	 241	 1	 29650944	 58368	 5	 4968.284180	 2	 30633505	 58405	 4	 5125.636230	 3	 16613662	 29198	 3	 2770.306152	
87	 241	 1	 29701744	 58468	 2	 4976.796387	 2	 30676316	 58487	 2	 5132.800781	 3	 16640974	 29246	 1	 2774.860596	
88	 241	 1	 29178504	 57438	 2	 4889.122559	 2	 30142507	 57469	 1	 5043.481934	 3	 16348508	 28732	 1	 2726.092041	
89	 241	 1	 27726132	 54579	 1	 4645.764648	 2	 28605181	 54538	 1	 4786.254883	 3	 15518906	 27274	 1	 2587.757080	
90	 241	 1	 26334720	 51840	 4	 4412.620605	 2	 27179425	 51820	 3	 4547.696777	 3	 14747911	 25919	 1	 2459.194824	
91	 241	 1	 25039828	 49291	 2	 4195.649902	 2	 25856161	 49297	 1	 4326.286133	 3	 14029264	 24656	 1	 2339.361328	
92	 241	 1	 23928832	 47104	 4	 4009.492432	 2	 24705573	 47103	 5	 4133.767090	 3	 13401088	 23552	 2	 2234.613770	
93	 241	 1	 22530816	 44352	 4	 3775.242188	 2	 23268918	 44364	 2	 3893.384521	 3	 12631231	 22199	 2	 2106.241211	
94	 241	 1	 19651472	 38684	 1	 3292.781982	 2	 20285120	 38675	 1	 3394.131104	 3	 11002184	 19336	 1	 1834.599731	
95	 241	 1	 16386048	 32256	 4	 2745.630615	 2	 16898882	 32219	 4	 2827.541992	 3	 9165452	 16108	 3	 1528.327026	
96	 241	 1	 15599664	 30708	 4	 2613.864990	 2	 16111116	 30717	 4	 2695.731934	 3	 8733012	 15348	 2	 1456.218262	
97	 241	 1	 15334488	 30186	 1	 2569.432373	 2	 15810528	 30144	 0	 2645.437500	 3	 8587348	 15092	 1	 1431.928955	
98	 241	 1	 16451072	 32384	 1	 2756.526123	 2	 16965477	 32346	 1	 2838.685059	 3	 9206420	 16180	 1	 1535.158447	
99	 241	 1	 17523968	 34496	 2	 2936.299561	 2	 18126179	 34559	 3	 3032.895264	 3	 9832320	 17280	 2	 1639.526367	
100	 241	 1	 18800572	 37009	 1	 3150.206055	 2	 19433774	 37052	 1	 3251.683594	 3	 10531052	 18508	 1	 1756.039062	
101	 241	 1	 19371056	 38132	 1	 3245.795898	 2	 19987171	 38107	 1	 3344.278320	 3	 10842295	 19055	 0	 1807.938354	
102	 241	 1	 19561556	 38507	 1	 3277.715820	 2	 20200118	 38513	 0	 3379.908691	 3	 10945853	 19237	 1	 1825.206543	
103	 241	 1	 19604736	 38592	 3	 3284.950928	 2	 20236226	 38582	 4	 3385.950928	 3	 10974303	 19287	 2	 1829.950562	
104	 241	 1	 19814032	 39004	 2	 3320.020508	 2	 20475972	 39039	 1	 3426.065186	 3	 11103466	 19514	 1	 1851.488281	
105	 241	 1	 19881088	 39136	 3	 3331.256348	 2	 20521653	 39126	 5	 3433.708252	 3	 11138744	 19576	 3	 1857.370850	
106	 241	 1	 20482052	 40319	 3	 3431.953369	 2	 21147840	 40320	 3	 3538.483154	 3	 11467057	 20153	 3	 1912.116699	
107	 241	 1	 20431760	 40220	 1	 3423.526367	 2	 21110617	 40249	 1	 3532.254883	 3	 11447142	 20118	 1	 1908.795898	
108	 241	 1	 21640800	 42600	 4	 3626.112061	 2	 22354256	 42620	 5	 3740.341797	 3	 12125959	 21311	 2	 2021.987671	
109	 241	 1	 23473664	 46208	 4	 3933.224854	 2	 24238260	 46212	 4	 4055.575684	 3	 13155280	 23120	 1	 2193.625488	
110	 241	 1	 26069544	 51318	 3	 4368.187988	 2	 26912603	 51311	 3	 4503.050781	 3	 14602816	 25664	 2	 2435.000244	
111	 241	 1	 28904692	 56899	 3	 4843.242676	 2	 29842361	 56897	 2	 4993.262207	 3	 16188619	 28451	 0	 2699.430908	
112	 241	 1	 29472128	 58016	 4	 4938.321777	 2	 30417754	 57994	 4	 5089.537598	 3	 16503276	 29004	 2	 2751.899414	
113	 241	 1	 27505152	 54144	 4	 4608.737305	 2	 28384350	 54117	 2	 4749.305176	 3	 15402261	 27069	 2	 2568.306641	
114	 241	 1	 25836880	 50860	 1	 4329.203125	 2	 26677152	 50862	 0	 4463.654297	 3	 14468532	 25428	 1	 2412.608643	
115	 241	 1	 24481536	 48192	 2	 4102.103027	 2	 25277720	 48194	 4	 4229.500000	 3	 13710624	 24096	 3	 2286.228516	
116	 241	 1	 23793196	 46837	 2	 3986.765381	 2	 24555467	 46817	 2	 4108.651855	 3	 13316307	 23403	 1	 2220.476562	
117	 241	 1	 23733252	 46719	 3	 3976.721191	 2	 24503624	 46718	 2	 4099.977051	 3	 13282736	 23344	 1	 2214.878662	
118	 241	 1	 23925276	 47097	 4	 4008.896729	 2	 24706048	 47104	 2	 4133.847168	 3	 13406778	 23562	 1	 2235.562500	
119	 241	 1	 25128728	 49466	 3	 4210.545898	 2	 25930706	 49439	 4	 4338.758789	 3	 14068525	 24725	 2	 2345.907959	
120	 241	 1	 27277568	 53696	 3	 4570.603516	 2	 28158307	 53686	 2	 4711.483398	 3	 15277081	 26849	 1	 2547.433105	
121	 241	 1	 29650436	 58367	 3	 4968.199219	 2	 30609246	 58359	 4	 5121.578125	 3	 16604558	 29182	 3	 2768.788086	
122	 241	 1	 34021776	 66972	 2	 5700.656738	 2	 35127388	 66973	 3	 5877.558594	 3	 19056379	 33491	 2	 3177.625977	
123	 241	 1	 38611556	 76007	 3	 6469.715820	 2	 39865721	 76007	 3	 6670.382324	 3	 21624845	 38005	 1	 3605.914307	
124	 241	 1	 39914576	 78572	 4	 6688.048828	 2	 41213046	 78576	 4	 6895.819336	 3	 22355441	 39289	 3	 3727.740234	
125	 241	 1	 39921688	 78586	 4	 6689.240234	 2	 41209358	 78569	 4	 6895.202148	 3	 22352596	 39284	 2	 3727.265869	
126	 241	 1	 38846760	 76470	 4	 6509.126465	 2	 40098632	 76451	 3	 6709.353027	 3	 21752870	 38230	 2	 3627.262451	
127	 241	 1	 37420804	 73663	 3	 6270.194336	 2	 38634063	 73659	 3	 6464.300781	 3	 20955701	 36829	 2	 3494.335449	
128	 241	 1	 36023296	 70912	 3	 6036.029297	 2	 37191787	 70909	 1	 6222.976562	 3	 20175602	 35458	 2	 3364.255127	
129	 241	 1	 32896556	 64757	 3	 5512.115723	 2	 33951835	 64732	 4	 5680.864258	 3	 18419668	 32372	 1	 3071.455322	
130	 241	 1	 30626304	 60288	 3	 5131.714355	 2	 31635907	 60316	 2	 5293.358398	 3	 17154781	 30149	 1	 2860.537109	
131	 241	 1	 28446984	 55998	 2	 4766.549805	 2	 29371492	 55999	 2	 4914.475098	 3	 15934845	 28005	 1	 2657.114502	
132	 241	 1	 26139648	 51456	 1	 4379.934570	 2	 26994867	 51468	 1	 4516.815918	 3	 14642646	 25734	 1	 2441.641846	
133	 241	 1	 25423876	 50047	 2	 4260.000488	 2	 26247979	 50044	 4	 4391.845703	 3	 14239794	 25026	 4	 2374.466797	
134	 241	 1	 27147520	 53440	 3	 4548.812988	 2	 28029280	 53440	 3	 4689.894531	 3	 15203680	 26720	 5	 2535.193604	
135	 241	 1	 28243276	 55597	 2	 4732.416504	 2	 29159495	 55595	 1	 4879.003906	 3	 15818769	 27801	 1	 2637.758789	
136	 241	 1	 27720036	 54567	 3	 4644.743164	 2	 28605788	 54539	 4	 4786.355957	 3	 15523458	 27282	 3	 2588.516113	
137	 241	 1	 26912824	 52978	 4	 4509.487305	 2	 27788683	 52981	 4	 4649.636230	 3	 15073379	 26491	 1	 2513.466064	
138	 241	 1	 25523952	 50244	 2	 4276.769043	 2	 26354027	 50246	 1	 4409.588867	 3	 14299539	 25131	 1	 2384.429199	
139	 241	 1	 24405336	 48042	 1	 4089.334961	 2	 25192342	 48031	 2	 4215.213867	 3	 13659414	 24006	 1	 2277.689209	
140	 241	 1	 23474172	 46209	 2	 3933.310059	 2	 24242423	 46220	 2	 4056.272461	 3	 13160970	 23130	 4	 2194.574463	
141	 241	 1	 21763736	 42842	 2	 3646.710938	 2	 22467482	 42836	 1	 3759.287354	 3	 12187980	 21420	 1	 2032.329590	
142	 241	 1	 21448776	 42222	 1	 3593.936523	 2	 22132818	 42198	 1	 3703.291260	 3	 12003055	 21095	 1	 2001.493652	
143	 241	 1	 19855688	 39086	 2	 3327.000244	 2	 20489609	 39065	 2	 3428.346924	 3	 11112570	 19530	 1	 1853.006348	
144	 241	 1	 18428716	 36277	 3	 3087.898193	 2	 19033056	 36288	 2	 3184.634766	 3	 10319384	 18136	 3	 1720.743652	
145	 241	 1	 18694400	 36800	 4	 3132.416016	 2	 19284816	 36768	 3	 3226.759766	 3	 10476428	 18412	 2	 1746.930542	
146	 241	 1	 20716240	 40780	 1	 3471.193604	 2	 21382816	 40768	 0	 3577.799561	 3	 11613290	 20410	 1	 1936.500854	
147	 241	 1	 23351236	 45967	 4	 3912.710938	 2	 24093940	 45937	 4	 4031.428467	 3	 13091552	 23008	 3	 2182.999023	
148	 241	 1	 26107136	 51392	 2	 4374.486816	 2	 26955612	 51393	 2	 4510.247070	 3	 14631266	 25714	 2	 2439.744385	
149	 241	 1	 26464768	 52096	 1	 4434.411621	 2	 27321205	 52090	 1	 4571.418457	 3	 14818467	 26043	 1	 2470.959961	
150	 241	 1	 26153364	 51483	 4	 4382.232910	 2	 26991852	 51462	 3	 4516.310547	 3	 14646060	 25740	 1	 2442.211182	
151	 241	 1	 25735280	 50660	 4	 4312.179199	 2	 26576547	 50670	 4	 4446.820312	 3	 14411632	 25328	 1	 2403.120605	
152	 241	 1	 25229312	 49664	 1	 4227.399902	 2	 26050325	 49667	 1	 4358.773438	 3	 14132822	 24838	 1	 2356.629395	
153	 241	 1	 25373076	 49947	 1	 4251.488770	 2	 26189908	 49933	 1	 4382.127930	 3	 14212482	 24978	 1	 2369.912598	
154	 241	 1	 25386792	 49974	 2	 4253.787109	 2	 26207774	 49967	 2	 4385.117188	 3	 14216465	 24985	 2	 2370.576904	
155	 241	 1	 24505412	 48239	 4	 4106.103516	 2	 25301405	 48239	 4	 4233.462402	 3	 13727125	 24125	 4	 2288.979980	
156	 241	 1	 23278592	 45824	 1	 3900.538818	 2	 24034688	 45824	 1	 4021.514160	 3	 13035790	 22910	 1	 2173.700684	
157	 241	 1	 21898864	 43108	 4	 3669.353027	 2	 22599214	 43087	 3	 3781.328369	 3	 12255122	 21538	 2	 2043.525391	
158	 241	 1	 21197824	 41728	 2	 3551.887451	 2	 21884779	 41725	 3	 3661.788574	 3	 11869909	 20861	 2	 1979.291626	
159	 241	 1	 21035264	 41408	 3	 3524.648926	 2	 21706891	 41386	 3	 3632.024902	 3	 11777731	 20699	 2	 1963.921143	
160	 241	 1	 22433280	 44160	 3	 3758.899170	 2	 23162428	 44161	 3	 3875.566650	 3	 12563520	 22080	 3	 2094.950439	
161	 241	 1	 23783036	 46817	 5	 3985.062988	 2	 24552386	 46811	 4	 4108.136230	 3	 13321428	 23412	 2	 2221.330566	
162	 241	 1	 24156416	 47552	 3	 4047.626221	 2	 24944679	 47559	 3	 4173.775391	 3	 13537648	 23792	 1	 2257.385010	
163	 241	 1	 24123396	 47487	 1	 4042.093506	 2	 24903260	 47480	 1	 4166.844727	 3	 13503508	 23732	 1	 2251.692139	
164	 241	 1	 24385016	 48002	 1	 4085.930176	 2	 25176099	 48000	 0	 4212.495605	 3	 13655431	 23999	 1	 2277.025146	
165	 241	 1	 25304496	 49812	 1	 4239.997559	 2	 26127984	 49815	 1	 4371.767090	 3	 14171514	 24906	 1	 2363.081299	
166	 241	 1	 28057348	 55231	 4	 4701.262695	 2	 28943434	 55183	 4	 4842.852051	 3	 15700417	 27593	 2	 2618.023926	
167	 241	 1	 31392368	 61796	 1	 5260.075684	 2	 32405134	 61783	 1	 5422.068359	 3	 17580393	 30897	 1	 2931.507324	
168	 241	 1	 33032192	 65024	 2	 5534.842773	 2	 34101974	 65018	 3	 5705.984863	 3	 18497621	 32509	 1	 3084.453857	
169	 241	 1	 33779968	 66496	 2	 5660.139648	 2	 34878775	 66499	 2	 5835.959961	 3	 18926647	 33263	 2	 3155.993408	
170	 241	 1	 36901628	 72641	 3	 6183.202148	 2	 38101435	 72643	 3	 6375.178711	 3	 20667218	 36322	 2	 3446.231445	
171	 241	 1	 42915332	 84479	 2	 7190.852539	 2	 44302351	 84466	 5	 7412.725586	 3	 24034560	 42240	 3	 4007.731201	
172	 241	 1	 47381668	 93271	 3	 7939.227539	 2	 48916968	 93264	 8	 8184.848633	 3	 26541005	 46645	 2	 4425.677734	
173	 241	 1	 49870868	 98171	 4	 8356.315430	 2	 51479708	 98150	 11	 8613.649414	 3	 27926520	 49080	 13	 4656.710449	
174	 241	 1	 48902620	 96265	 3	 8194.077148	 2	 50494862	 96272	 7	 8448.862305	 3	 27396212	 48148	 5	 4568.282227	
175	 241	 1	 45911008	 90376	 2	 7692.805176	 2	 47399606	 90371	 4	 7930.961426	 3	 25710834	 45186	 3	 4287.247559	
176	 241	 1	 43006264	 84658	 3	 7206.088867	 2	 44406578	 84665	 3	 7430.166016	 3	 24092029	 42341	 4	 4017.313965	
177	 241	 1	 40835072	 80384	 4	 6842.286133	 2	 42158459	 80378	 6	 7054.004883	 3	 22868110	 40190	 2	 3813.227295	
178	 241	 1	 39152068	 77071	 3	 6560.283691	 2	 40421592	 77067	 2	 6763.392090	 3	 21924139	 38531	 2	 3655.821289	
179	 241	 1	 36576000	 72000	 4	 6128.640137	 2	 37763459	 71999	 4	 6318.629395	 3	 20484569	 36001	 1	 3415.774902	
180	 241	 1	 30477968	 59996	 1	 5106.859375	 2	 31468410	 59997	 0	 5265.333984	 3	 17067155	 29995	 1	 2845.925537	
181	 241	 1	 24834088	 48886	 2	 4161.176270	 2	 25642772	 48890	 2	 4290.581055	 3	 13909205	 24445	 2	 2319.341553	
182	 241	 1	 22823424	 44928	 3	 3824.271240	 2	 23564736	 44928	 4	 3942.881348	 3	 12784861	 22469	 2	 2131.858643	
183	 241	 1	 22036024	 43378	 2	 3692.335449	 2	 22756056	 43386	 2	 3807.571289	 3	 12345024	 21696	 1	 2058.516602	
184	 241	 1	 21685504	 42688	 2	 3633.602539	 2	 22402787	 42713	 0	 3748.463867	 3	 12152702	 21358	 1	 2026.447021	
185	 241	 1	 22758400	 44800	 1	 3813.375977	 2	 23499223	 44803	 1	 3931.919189	 3	 12750152	 22408	 0	 2126.071045	
186	 241	 1	 24286464	 47808	 3	 4069.416992	 2	 25076919	 47811	 3	 4195.901367	 3	 13601376	 23904	 2	 2268.011475	
187	 241	 1	 24741632	 48704	 3	 4145.684570	 2	 25547379	 48708	 3	 4274.619141	 3	 13861409	 24361	 2	 2311.371582	
188	 241	 1	 25075896	 49362	 5	 4201.693359	 2	 25892500	 49366	 3	 4332.365234	 3	 14049179	 24691	 2	 2342.682129	
189	 241	 1	 27239468	 53621	 4	 4564.219727	 2	 28121935	 53617	 4	 4705.398926	 3	 15246355	 26795	 2	 2542.309570	
190	 241	 1	 30468824	 59978	 4	 5105.327148	 2	 31469835	 60000	 4	 5265.573730	 3	 17064310	 29990	 3	 2845.451172	
191	 241	 1	 33136840	 65230	 3	 5552.377441	 2	 34219495	 65242	 2	 5725.648438	 3	 18564194	 32626	 1	 3095.554932	
192	 241	 1	 34996628	 68891	 4	 5864.001953	 2	 36140656	 68905	 3	 6047.100098	 3	 19606602	 34458	 1	 3269.375000	
193	 241	 1	 36388040	 71630	 3	 6097.145508	 2	 37574672	 71639	 5	 6287.041504	 3	 20383856	 35824	 4	 3398.981201	
194	 241	 1	 37238432	 73304	 2	 6239.636719	 2	 38450521	 73309	 2	 6433.589844	 3	 20854419	 36651	 5	 3477.446777	
195	 241	 1	 38895528	 76566	 4	 6517.297852	 2	 40156703	 76562	 3	 6719.070801	 3	 21785872	 38288	 3	 3632.765381	
196	 241	 1	 40230552	 79194	 3	 6740.993164	 2	 41542729	 79204	 3	 6950.979980	 3	 22530693	 39597	 4	 3756.963379	
197	 241	 1	 40835072	 80384	 3	 6842.286133	 2	 42161916	 80385	 3	 7054.584961	 3	 22867541	 40189	 2	 3813.132324	
198	 241	 1	 39498016	 77752	 4	 6618.250000	 2	 40783563	 77757	 5	 6823.957031	 3	 22122151	 38879	 3	 3688.839600	
199	 241	 1	 35737800	 70350	 5	 5988.191895	 2	 36895903	 70345	 5	 6173.469238	 3	 20012299	 35171	 2	 3337.024414	
200	 241	 1	 32907732	 64779	 2	 5513.988281	 2	 33987600	 64800	 2	 5686.848145	 3	 18436738	 32402	 0	 3074.301758	
201	 241	 1	 31439612	 61889	 2	 5267.991699	 2	 32469730	 61906	 4	 5432.875977	 3	 17612257	 30953	 1	 2936.820557	
202	 241	 1	 29567632	 58204	 4	 4954.324707	 2	 30538963	 58225	 4	 5109.817871	 3	 16565297	 29113	 4	 2762.241455	
203	 241	 1	 26854912	 52864	 3	 4499.783691	 2	 27719627	 52850	 3	 4638.084473	 3	 15036394	 26426	 2	 2507.298828	
204	 241	 1	 23370540	 46005	 3	 3915.945557	 2	 24127376	 46001	 3	 4037.023926	 3	 13076758	 22982	 1	 2180.532227	
205	 241	 1	 21425408	 42176	 2	 3590.021240	 2	 22110380	 42155	 2	 3699.535889	 3	 11995089	 21081	 8	 2000.165283	
206	 241	 1	 20683728	 40716	 4	 3465.745850	 2	 21349756	 40705	 3	 3572.268066	 3	 11588254	 20366	 7	 1932.326050	
207	 241	 1	 19915632	 39204	 3	 3337.044434	 2	 20558810	 39197	 5	 3439.926025	 3	 11151831	 19599	 1	 1859.553101	
208	 241	 1	 20805648	 40956	 3	 3486.174805	 2	 21483520	 40960	 6	 3594.649658	 3	 11655965	 20485	 9	 1943.616821	
209	 241	 1	 22915372	 45109	 3	 3839.677979	 2	 23661145	 45112	 2	 3959.013184	 3	 12834933	 22557	 1	 2140.208252	
210	 241	 1	 23835868	 46921	 1	 3993.915527	 2	 24609949	 46921	 0	 4117.768555	 3	 13357275	 23475	 1	 2227.308105	
211	 241	 1	 23975060	 47195	 2	 4017.238281	 2	 24750614	 47189	 2	 4141.304199	 3	 13419296	 23584	 2	 2237.649902	
212	 241	 1	 24253444	 47743	 4	 4063.884277	 2	 25037024	 47735	 4	 4189.226074	 3	 13576340	 23860	 3	 2263.836914	
213	 241	 1	 24267160	 47770	 4	 4066.182373	 2	 25057562	 47774	 5	 4192.662109	 3	 13591703	 23887	 2	 2266.398682	
214	 241	 1	 25938988	 51061	 5	 4346.312500	 2	 26781953	 51062	 5	 4481.190430	 3	 14528846	 25534	 4	 2422.666016	
215	 241	 1	 30682184	 60398	 3	 5141.077637	 2	 31678586	 60398	 3	 5300.501953	 3	 17186076	 30204	 2	 2865.755615	
216	 241	 1	 37128704	 73088	 1	 6221.250488	 2	 38335230	 73089	 1	 6414.298340	 3	 20799795	 36555	 2	 3468.338379	
217	 241	 1	 44489624	 87578	 2	 7454.639160	 2	 45933988	 87577	 4	 7685.733887	 3	 24917648	 43792	 6	 4154.984863	
218	 241	 1	 48366680	 95210	 2	 8104.275391	 2	 49931826	 95199	 6	 8354.656250	 3	 27088952	 47608	 4	 4517.046875	
219	 241	 1	 49354740	 97155	 2	 8269.833984	 2	 50960110	 97159	 10	 8526.708008	 3	 27640313	 48577	 6	 4608.985840	
220	 241	 1	 50463196	 99337	 2	 8455.565430	 2	 52098631	 99331	 10	 8717.211914	 3	 28265644	 49676	 6	 4713.258789	
221	 241	 1	 50383440	 99180	 2	 8442.201172	 2	 52008371	 99158	 12	 8702.106445	 3	 28214434	 49586	 6	 4704.719727	
222	 241	 1	 49630076	 97697	 2	 8315.968750	 2	 51249449	 97712	 6	 8575.125977	 3	 27803616	 48864	 5	 4636.216309	
223	 241	 1	 47890176	 94272	 3	 8024.432617	 2	 49445829	 94272	 6	 8273.336914	 3	 26819815	 47135	 5	 4472.168945	
224	 241	 1	 43866816	 86352	 2	 7350.282227	 2	 45287428	 86344	 4	 7577.549316	 3	 24563161	 43169	 5	 4095.874756	
225	 241	 1	 37869876	 74547	 2	 6345.440430	 2	 39096639	 74541	 3	 6541.699707	 3	 21212320	 37280	 5	 3537.126465	
226	 241	 1	 31522924	 62053	 2	 5281.951172	 2	 32538931	 62038	 2	 5444.455078	 3	 17652656	 31024	 5	 2943.557129	
227	 241	 1	 27368500	 53875	 2	 4585.839844	 2	 28238605	 53839	 1	 4724.918457	 3	 15321463	 26927	 1	 2554.833740	
228	 241	 1	 24579072	 48384	 4	 4118.446289	 2	 25376867	 48383	 4	 4246.089355	 3	 13764110	 24190	 4	 2295.147217	
229	 241	 1	 22433280	 44160	 2	 3758.899170	 2	 23161920	 44160	 1	 3875.481689	 3	 12563520	 22080	 3	 2094.950439	
230	 241	 1	 20354544	 40068	 3	 3410.588135	 2	 21035663	 40106	 2	 3519.713135	 3	 11404467	 20043	 3	 1901.679810	
231	 241	 1	 19165824	 37728	 1	 3211.407471	 2	 19788402	 37728	 2	 3311.019775	 3	 10727357	 18853	 3	 1788.772583	
232	 241	 1	 18434304	 36288	 3	 3088.834473	 2	 19036810	 36295	 1	 3185.262451	 3	 10323936	 18144	 2	 1721.502686	
233	 241	 1	 19832320	 39040	 1	 3323.084717	 2	 20467547	 39023	 1	 3424.655762	 3	 11106311	 19519	 1	 1851.962769	
234	 241	 1	 22173184	 43648	 4	 3715.317871	 2	 22891786	 43645	 3	 3830.282471	 3	 12414442	 21818	 4	 2070.091797	
235	 241	 1	 23436580	 46135	 3	 3927.011230	 2	 24199480	 46138	 1	 4049.086670	 3	 13121709	 23061	 3	 2188.027588	
236	 241	 1	 23442168	 46146	 1	 3927.947510	 2	 24204019	 46147	 1	 4049.847412	 3	 13127968	 23072	 2	 2189.071289	
237	 241	 1	 23473156	 46207	 3	 3933.139893	 2	 24235047	 46206	 3	 4055.038574	 3	 13137641	 23089	 3	 2190.684326	
238	 241	 1	 23083520	 45440	 3	 3867.852783	 2	 23830740	 45435	 6	 3987.388916	 3	 12927680	 22720	 3	 2155.673584	
239	 241	 1	 22998176	 45272	 3	 3853.552734	 2	 23738969	 45260	 3	 3972.033447	 3	 12877608	 22632	 4	 2147.324219	
240	 241	 1	 23051008	 45376	 2	 3862.405029	 2	 23799712	 45376	 4	 3982.197754	 3	 12916300	 22700	 4	 2153.775879	
241	 241	 1	 22726396	 44737	 2	 3808.013428	 2	 23464032	 44736	 2	 3926.031250	 3	 12732513	 22377	 3	 2123.129639	
242	 241	 1	 22342856	 43982	 3	 3743.747803	 2	 23064904	 43975	 3	 3859.248535	 3	 12515155	 21995	 9	 2086.885498	
243	 241	 1	 22022308	 43351	 1	 3690.037109	 2	 22728584	 43334	 1	 3802.976074	 3	 12326816	 21664	 1	 2055.480225	
244	 241	 1	 22428708	 44151	 1	 3758.133057	 2	 23159380	 44155	 0	 3875.055908	 3	 12563520	 22080	 2	 2094.950439	
245	 241	 1	 22710140	 44705	 1	 3805.289551	 2	 23455000	 44719	 0	 3924.520996	 3	 12727392	 22368	 2	 2122.275879	
246	 241	 1	 22581616	 44452	 2	 3783.754150	 2	 23305191	 44433	 2	 3899.453369	 3	 12640904	 22216	 3	 2107.854004	
247	 241	 1	 21913088	 43136	 2	 3671.736328	 2	 22625848	 43138	 1	 3785.785645	 3	 12276175	 21575	 3	 2047.036011	
248	 241	 1	 21038820	 41415	 1	 3525.244873	 2	 21722692	 41416	 0	 3634.668213	 3	 11781714	 20706	 2	 1964.585327	
249	 241	 1	 20504404	 40363	 5	 3435.698486	 2	 21181408	 40384	 3	 3544.099854	 3	 11484127	 20183	 3	 1914.963013	
250	 241	 1	 20096988	 39561	 3	 3367.432373	 2	 20745532	 39553	 3	 3471.168701	 3	 11253113	 19777	 1	 1876.441772	
251	 241	 1	 19734276	 38847	 3	 3306.656738	 2	 20375776	 38848	 3	 3409.300537	 3	 11045997	 19413	 7	 1841.905396	
252	 241	 1	 19910552	 39194	 4	 3336.193359	 2	 20544632	 39170	 3	 3437.553955	 3	 11149555	 19595	 7	 1859.173584	
253	 241	 1	 20124928	 39616	 1	 3372.114014	 2	 20762382	 39585	 0	 3473.987549	 3	 11269614	 19806	 2	 1879.193237	
254	 241	 1	 20130008	 39626	 2	 3372.965088	 2	 20778592	 39616	 3	 3476.700195	 3	 11271321	 19809	 7	 1879.477905	
255	 241	 1	 19897344	 39168	 1	 3333.980225	 2	 20546763	 39174	 1	 3437.910156	 3	 11143296	 19584	 2	 1858.129883	
256	 241	 1	 19957796	 39287	 2	 3344.109375	 2	 20609195	 39293	 3	 3448.356201	 3	 11169470	 19630	 2	 1862.494385	
257	 241	 1	 21639784	 42598	 4	 3625.941650	 2	 22350944	 42614	 5	 3739.788818	 3	 12126528	 21312	 1	 2022.082520	
258	 241	 1	 22946868	 45171	 1	 3844.955566	 2	 23691698	 45170	 0	 3964.124512	 3	 12843468	 22572	 4	 2141.631348	
259	 241	 1	 23116032	 45504	 2	 3873.300537	 2	 23865291	 45501	 2	 3993.170410	 3	 12933370	 22730	 9	 2156.622314	
260	 241	 1	 23246080	 45760	 2	 3895.091309	 2	 24010970	 45779	 5	 4017.546631	 3	 13024410	 22890	 2	 2171.803223	
261	 241	 1	 22825964	 44933	 5	 3824.697021	 2	 23580405	 44958	 3	 3945.503418	 3	 12793965	 22485	 3	 2133.376709	
262	 241	 1	 22772116	 44827	 1	 3815.674316	 2	 23519563	 44842	 0	 3935.323242	 3	 12759825	 22425	 1	 2127.684082	
263	 241	 1	 22845776	 44972	 3	 3828.016602	 2	 23581685	 44960	 4	 3945.716064	 3	 12797379	 22491	 3	 2133.946045	
264	 241	 1	 23311612	 45889	 4	 3906.071777	 2	 24074517	 45900	 3	 4028.178711	 3	 13058550	 22950	 2	 2177.496094	
265	 241	 1	 24687276	 48597	 2	 4136.576660	 2	 25483489	 48586	 3	 4263.928711	 3	 13817596	 24284	 1	 2304.065918	
266	 241	 1	 25489408	 50176	 1	 4270.980957	 2	 26321917	 50185	 1	 4404.217285	 3	 14275641	 25089	 2	 2380.444336	
267	 241	 1	 27667712	 54464	 2	 4635.975586	 2	 28563221	 54458	 1	 4779.233887	 3	 15496146	 27234	 1	 2583.961914	
268	 241	 1	 30453584	 59948	 2	 5102.773926	 2	 31452167	 59966	 2	 5262.616211	 3	 17054637	 29973	 0	 2843.838135	
269	 241	 1	 31288736	 61592	 5	 5242.710938	 2	 32295121	 61573	 4	 5403.659668	 3	 17516096	 30784	 2	 2920.785889	
270	 241	 1	 31996888	 62986	 3	 5361.368164	 2	 33033993	 62982	 5	 5527.289551	 3	 17916672	 31488	 3	 2987.581543	
271	 241	 1	 31166816	 61352	 3	 5222.282227	 2	 32186434	 61366	 3	 5385.475098	 3	 17458627	 30683	 1	 2911.203125	
272	 241	 1	 30783784	 60598	 4	 5158.101562	 2	 31771439	 60575	 5	 5316.038086	 3	 17231596	 30284	 2	 2873.345947	
273	 241	 1	 30096968	 59246	 3	 5043.019531	 2	 31068774	 59235	 6	 5198.466309	 3	 16842969	 29601	 2	 2808.542969	
274	 241	 1	 29357828	 57791	 2	 4919.169922	 2	 30298841	 57767	 3	 5069.639648	 3	 16440117	 28893	 1	 2741.367920	
275	 241	 1	 28731464	 56558	 4	 4814.216797	 2	 29671506	 56571	 4	 4964.673828	 3	 16091320	 28280	 2	 2683.206299	
276	 241	 1	 26204672	 51584	 2	 4390.830078	 2	 27057840	 51588	 2	 4527.352539	 3	 14677924	 25796	 1	 2447.524414	
277	 241	 1	 23320248	 45906	 1	 3907.518799	 2	 24087138	 45924	 1	 4030.290283	 3	 13065947	 22963	 2	 2178.729492	
278	 241	 1	 21732240	 42780	 4	 3641.433594	 2	 22455468	 42813	 4	 3757.276855	 3	 12164082	 21378	 2	 2028.344604	
279	 241	 1	 19471132	 38329	 2	 3262.564453	 2	 20094103	 38311	 2	 3362.170654	 3	 11070464	 19456	 1	 1845.985229	
280	 241	 1	 18174208	 35776	 5	 3045.253174	 2	 18760217	 35768	 4	 3138.983887	 3	 10371163	 18227	 2	 1729.377808	
281	 241	 1	 17426432	 34304	 4	 2919.956543	 2	 18020197	 34357	 4	 3015.162354	 3	 9923929	 17441	 2	 1654.802124	
282	 241	 1	 18973292	 37349	 1	 3179.146973	 2	 19593255	 37356	 1	 3278.367920	 3	 10157788	 17852	 0	 1693.797729	
283	 241	 1	 21295360	 41920	 1	 3568.230469	 2	 21992384	 41930	 1	 3679.792725	 3	 11041445	 19405	 1	 1841.146362	
284	 241	 1	 22525736	 44342	 2	 3774.391113	 2	 23245233	 44319	 2	 3889.422119	 3	 12053696	 21184	 2	 2009.937866	
285	 241	 1	 23032212	 45339	 1	 3859.255615	 2	 23786715	 45351	 1	 3980.022217	 3	 12898661	 22669	 2	 2150.834717	
286	 241	 1	 23766272	 46784	 3	 3982.254150	 2	 24535028	 46778	 2	 4105.231934	 3	 12903782	 22678	 1	 2151.688721	
287	 241	 1	 24741632	 48704	 4	 4145.684570	 2	 25540135	 48694	 3	 4273.406738	 3	 13342481	 23449	 2	 2224.841064	
288	 241	 1	 26842212	 52839	 2	 4497.655762	 2	 27697796	 52808	 1	 4634.430176	 3	 15040377	 26433	 2	 2507.963135	
289	 241	 1	 29996892	 59049	 3	 5026.250977	 2	 30967595	 59042	 4	 5181.536621	 3	 15624740	 27460	 2	 2605.404785	
290	 241	 1	 32819340	 64605	 2	 5499.177734	 2	 33032520	 64605	 1	 5533.286621	 3	 3678016	 6464	 1	 613.304321	
291	 241	 1	 33812480	 66560	 2	 5665.587402	 2	 34023967	 66544	 2	 5699.363770	 3	 3808886	 6694	 1	 635.126709	
292	 241	 1	 32999680	 64960	 2	 5529.395020	 2	 33231452	 64994	 2	 5566.609375	 3	 3705897	 6513	 1	 617.953430	
293	 241	 1	 31926784	 62848	 2	 5349.621582	 2	 32153084	 62885	 2	 5385.971680	 3	 3578441	 6289	 2	 596.700317	
294	 241	 1	 31131764	 61283	 2	 5216.409180	 2	 31328367	 61272	 2	 5247.823242	 3	 3485694	 6126	 0	 581.234863	
295	 241	 1	 31807912	 62614	 1	 5329.703613	 2	 32008937	 62603	 2	 5361.825684	 3	 3561371	 6259	 0	 593.853943	
296	 241	 1	 31894272	 62784	 2	 5344.174316	 2	 32115736	 62812	 2	 5379.715820	 3	 3573889	 6281	 1	 595.941284	
297	 241	 1	 30437836	 59917	 2	 5100.135254	 2	 30648813	 59943	 2	 5133.991211	 3	 3408310	 5990	 2	 568.331177	
298	 241	 1	 28072588	 55261	 1	 4703.816406	 2	 28258436	 55268	 0	 4733.579102	 3	 3144294	 5526	 1	 524.306885	
299	 241	 1	 25361900	 49925	 3	 4249.616211	 2	 25527652	 49927	 3	 4276.144043	 3	 2841017	 4993	 0	 473.735840	
300	 241	 1	 22739604	 44763	 1	 3810.226562	 2	 22906240	 44800	 1	 3837.030518	 3	 2548551	 4479	 1	 424.967529	
301	 241	 1	 21738844	 42793	 1	 3642.540039	 2	 21860615	 42755	 1	 3661.877686	 3	 2435889	 4281	 1	 406.181274	
302	 241	 1	 21197824	 41728	 2	 3551.887451	 2	 21340138	 41737	 1	 3574.692139	 3	 2374437	 4173	 1	 395.934235	
303	 241	 1	 19767296	 38912	 1	 3312.189453	 2	 19908973	 38938	 1	 3334.957520	 3	 2213979	 3891	 2	 369.178070	
304	 241	 1	 18200624	 35828	 2	 3049.679443	 2	 18292282	 35776	 1	 3064.145020	 3	 2035882	 3578	 2	 339.480652	
305	 241	 1	 17220692	 33899	 2	 2885.482910	 2	 17343296	 33920	 2	 2905.180176	 3	 1930048	 3392	 1	 321.832947	
306	 241	 1	 18280380	 35985	 3	 3063.043213	 2	 18420074	 36026	 3	 3085.551758	 3	 2046693	 3597	 0	 341.283356	
307	 241	 1	 20710144	 40768	 2	 3470.172119	 2	 20868726	 40815	 1	 3495.725830	 3	 2319813	 4077	 0	 386.825775	
308	 241	 1	 23246080	 45760	 2	 3895.091309	 2	 23409346	 45784	 1	 3921.305908	 3	 2604882	 4578	 2	 434.360626	
309	 241	 1	 25170892	 49549	 1	 4217.610840	 2	 25333391	 49547	 1	 4243.603027	 3	 2819964	 4956	 0	 470.225281	
310	 241	 1	 28733496	 56562	 2	 4814.557617	 1	 28736036	 56567	 2	 4814.982910	 3	 3059355	 5655	 1	 511.212006	
311	 241	 1	 32280352	 63544	 2	 5408.865234	 2	 32466026	 63497	 1	 5438.392578	 3	 3614857	 6353	 1	 602.772644	
312	 241	 1	 36241736	 71342	 1	 6072.630859	 2	 36483795	 71355	 2	 6111.410156	 3	 4059246	 7134	 1	 676.873901	
313	 241	 1	 42160952	 82994	 2	 7064.449219	 2	 42436851	 82998	 1	 7108.608398	 3	 4722131	 8299	 1	 787.409119	
314	 241	 1	 48674528	 95816	 1	 8155.857910	 2	 48711222	 95826	 1	 8161.767578	 3	 545102	 958	 1	 90.895042	
315	 241	 1	 52986432	 104304	 1	 8878.356445	 2	 53024407	 104311	 1	 8884.458984	 3	 593467	 1043	 1	 98.959839	
316	 241	 1	 53313076	 104947	 2	 8933.088867	 2	 53353281	 104958	 1	 8939.563477	 3	 597450	 1050	 1	 99.624001	
317	 241	 1	 51604164	 101583	 2	 8646.745117	 2	 51637692	 101583	 2	 8652.109375	 3	 578104	 1016	 2	 96.398079	
318	 241	 1	 50339244	 99093	 2	 8434.795898	 2	 50367375	 99084	 2	 8439.262695	 3	 563879	 991	 1	 94.026077	
319	 241	 1	 48110648	 94706	 1	 8061.374512	 2	 48135295	 94693	 1	 8065.268555	 3	 538843	 947	 1	 89.851357	
320	 241	 1	 45211492	 88999	 2	 7575.594727	 2	 45247974	 89013	 2	 7581.485840	 3	 506410	 890	 2	 84.443199	
321	 241	 1	 41829736	 82342	 3	 7008.951172	 2	 41864040	 82356	 2	 7014.493652	 3	 468287	 823	 1	 78.086243	
322	 241	 1	 37262308	 73351	 1	 6243.637207	 2	 37285006	 73348	 1	 6247.257324	 3	 417077	 733	 2	 69.547043	
323	 241	 1	 31596076	 62197	 3	 5294.208496	 2	 31622190	 62208	 1	 5298.429199	 3	 353918	 622	 1	 59.015362	
324	 241	 1	 26126948	 51431	 2	 4377.806641	 2	 26145434	 51434	 1	 4380.775879	 3	 293035	 515	 2	 48.863201	
325	 241	 1	 23223220	 45715	 2	 3891.260742	 2	 23228616	 45696	 1	 3892.051270	 3	 260602	 458	 1	 43.455040	
326	 241	 1	 21681440	 42680	 1	 3632.921631	 2	 21699595	 42688	 0	 3635.857178	 3	 242963	 427	 1	 40.513760	
327	 241	 1	 19799808	 38976	 1	 3317.637207	 2	 19796897	 38945	 2	 3317.052246	 3	 221910	 390	 2	 37.003201	
328	 241	 1	 17979136	 35392	 2	 3012.567139	 2	 17984722	 35380	 1	 3013.414795	 3	 201426	 354	 1	 33.587521	
329	 241	 1	 15623540	 30755	 2	 2617.865479	 2	 15636211	 30760	 2	 2619.912109	 3	 175252	 308	 1	 29.223040	
330	 241	 1	 14597888	 28736	 2	 2446.008301	 2	 14607359	 28736	 1	 2447.523682	 3	 163872	 288	 1	 27.325439	
331	 241	 1	 14685264	 28908	 2	 2460.648926	 2	 14680577	 28880	 2	 2459.791504	 3	 164441	 289	 1	 27.420321	
332	 241	 1	 17751552	 34944	 1	 2974.433350	 2	 17751926	 34922	 1	 2974.408691	 3	 199150	 350	 1	 33.208000	
333	 241	 1	 23131780	 45535	 1	 3875.939209	 2	 23131047	 45504	 2	 3875.702881	 3	 258895	 455	 2	 43.170399	
334	 241	 1	 28580588	 56261	 2	 4788.936523	 2	 28610818	 56284	 2	 4793.861328	 3	 320347	 563	 1	 53.417439	
335	 241	 1	 33184084	 65323	 2	 5560.293945	 2	 33210238	 65332	 1	 5564.513184	 3	 371557	 653	 1	 61.956638	
336	 241	 1	 37124132	 73079	 2	 6220.484375	 2	 37152827	 73088	 1	 6225.110352	 3	 415939	 731	 1	 69.357277	
337	 241	 1	 40963088	 80636	 2	 6863.736328	 2	 40992259	 80641	 1	 6868.422852	 3	 458614	 806	 2	 76.473282	
338	 241	 1	 43761152	 86144	 2	 7332.577148	 2	 44041858	 86137	 2	 7377.463379	 3	 4900228	 8612	 1	 817.106567	
339	 241	 1	 45746416	 90052	 1	 7665.226074	 2	 46054282	 90073	 1	 7714.565430	 3	 5124414	 9006	 1	 854.489258	
340	 241	 1	 46226476	 90997	 2	 7745.664551	 2	 46528808	 91001	 2	 7794.053223	 3	 5177900	 9100	 1	 863.408020	
341	 241	 1	 44372276	 87347	 1	 7434.976562	 2	 44668659	 87363	 1	 7482.459473	 3	 4970215	 8735	 1	 828.776794	
342	 241	 1	 42327068	 83321	 2	 7092.283691	 2	 42603106	 83323	 3	 7136.457520	 3	 4740339	 8331	 0	 790.445251	
343	 241	 1	 38526720	 75840	 2	 6455.500977	 2	 38778008	 75842	 3	 6495.714355	 3	 4315296	 7584	 1	 719.569946	
344	 241	 1	 34530792	 67974	 2	 5785.946777	 2	 34752045	 67968	 1	 5821.324219	 3	 3866924	 6796	 1	 644.804504	
345	 241	 1	 31928816	 62852	 2	 5349.962402	 2	 32158705	 62896	 1	 5386.913574	 3	 3576165	 6285	 0	 596.320801	
346	 241	 1	 28137612	 55389	 2	 4714.711914	 2	 28329576	 55407	 2	 4745.495117	 3	 3149984	 5536	 1	 525.255676	
347	 241	 1	 25164288	 49536	 2	 4216.504395	 2	 25327770	 49536	 1	 4242.661621	 3	 2818826	 4954	 1	 470.035522	
348	 241	 1	 22915372	 45109	 1	 3839.677979	 2	 23069856	 45120	 1	 3864.437744	 3	 2566190	 4510	 2	 427.908813	
349	 241	 1	 21248624	 41828	 1	 3560.399414	 2	 21400445	 41855	 2	 3584.794434	 3	 2381265	 4185	 1	 397.072815	
350	 241	 1	 20095464	 39558	 1	 3367.177002	 2	 20222931	 39552	 1	 3387.548584	 3	 2251533	 3957	 1	 375.440155	
351	 241	 1	 19384772	 38159	 2	 3248.093994	 2	 19535249	 38207	 1	 3272.354736	 3	 2170735	 3815	 1	 361.967194	
352	 241	 1	 17469612	 34389	 2	 2927.191650	 2	 17572365	 34368	 1	 2943.551514	 3	 1955653	 3437	 2	 326.102570	
353	 241	 1	 16386048	 32256	 1	 2745.630615	 2	 16481231	 32234	 1	 2760.775635	 3	 1835025	 3225	 1	 305.988007	
354	 241	 1	 14734032	 29004	 2	 2468.820557	 2	 14843547	 29031	 1	 2486.446533	 3	 1650669	 2901	 2	 275.246887	
355	 241	 1	 14110208	 27776	 1	 2364.293213	 2	 14201882	 27776	 2	 2378.960938	 3	 1576699	 2771	 1	 262.912476	
356	 241	 1	 14532864	 28608	 2	 2435.113037	 2	 14627277	 28608	 1	 2450.218994	 3	 1627909	 2861	 1	 271.451691	
357	 241	 1	 17458944	 34368	 1	 2925.404053	 1	 17459452	 34369	 1	 2925.489258	 3	 1859417	 3437	 1	 310.704803	
358	 241	 1	 17458944	 34368	 1	 2925.404053	 1	 22108160	 43520	 1	 3704.422363	 3	 2353891	 4351	 8	 393.330414	
359	 241	 1	 17458944	 34368	 1	 2925.404053	 1	 28220416	 55552	 1	 4728.586426	 3	 3005255	 5555	 0	 502.171997	
360	 241	 1	 17458944	 34368	 1	 2925.404053	 1	 35326320	 69540	 2	 5919.244629	 3	 3762114	 6954	 1	 628.641602	
361	 241	 1	 17458944	 34368	 1	 2925.404053	 1	 41734232	 82154	 3	 6992.948242	 3	 4444856	 8216	 1	 742.726379	
362	 241	 1	 17458944	 34368	 1	 2925.404053	 1	 44371260	 87345	 1	 7434.806641	 3	 472293	 873	 1	 78.919197	
363	 241	 1	 17458944	 34368	 1	 2925.404053	 1	 46873668	 92271	 2	 7854.107422	 3	 498802	 922	 0	 83.348801	
364	 241	 1	 17458944	 34368	 1	 2925.404053	 1	 48993552	 96444	 2	 8209.313477	 3	 521524	 964	 1	 87.145599	
365	 241	 1	 17458944	 34368	 1	 2925.404053	 1	 51253136	 100892	 2	 8587.926758	 3	 545869	 1009	 1	 91.213600	
366	 241	 1	 17458944	 34368	 1	 2925.404053	 1	 52679600	 103700	 2	 8826.944336	 3	 561017	 1037	 1	 93.744797	
367	 241	 1	 17458944	 34368	 1	 2925.404053	 1	 50525172	 99459	 2	 8465.950195	 3	 537754	 994	 1	 89.857597	
368	 241	 1	 17458944	 34368	 1	 2925.404053	 1	 47679864	 93858	 2	 7989.192871	 3	 507458	 938	 1	 84.795197	
369	 241	 1	 17458944	 34368	 1	 2925.404053	 1	 42699940	 84055	 2	 7154.761719	 3	 454440	 840	 1	 75.935997	
370	 241	 1	 17458944	 34368	 1	 2925.404053	 1	 38392100	 75575	 2	 6432.943848	 3	 408996	 756	 1	 68.342400	
371	 241	 1	 17458944	 34368	 1	 2925.404053	 1	 35056064	 69008	 2	 5873.960938	 3	 373290	 690	 1	 62.375999	
372	 241	 1	 17458944	 34368	 1	 2925.404053	 1	 33212024	 65378	 1	 5564.975586	 3	 353814	 654	 1	 59.121601	
373	 241	 1	 17458944	 34368	 1	 2925.404053	 1	 30711140	 60455	 2	 5145.929688	 3	 326764	 604	 1	 54.601601	
374	 241	 1	 17458944	 34368	 1	 2925.404053	 1	 25979120	 51140	 1	 4353.036621	 3	 276451	 511	 1	 46.194401	
375	 241	 1	 17458944	 34368	 1	 2925.404053	 1	 21652992	 42624	 1	 3628.154785	 3	 230466	 426	 1	 38.510399	
376	 241	 1	 17458944	 34368	 1	 2925.404053	 1	 19320256	 38032	 3	 3237.283936	 3	 205580	 380	 1	 34.352001	
377	 241	 1	 17458944	 34368	 1	 2925.404053	 1	 17155160	 33770	 2	 2874.502441	 3	 182317	 337	 1	 30.464800	
378	 241	 1	 17458944	 34368	 1	 2925.404053	 1	 16028416	 31552	 1	 2685.706299	 3	 170415	 315	 1	 28.476000	
379	 241	 1	 17458944	 34368	 1	 2925.404053	 1	 15475712	 30464	 2	 2593.095703	 3	 165005	 305	 2	 27.572001	
380	 241	 1	 17458944	 34368	 1	 2925.404053	 1	 16743680	 32960	 1	 2805.555176	 3	 177989	 329	 1	 29.741600	
381	 241	 1	 17458944	 34368	 1	 2925.404053	 1	 19632676	 38647	 1	 3289.632568	 3	 209367	 387	 1	 34.984798	
382	 241	 1	 17458944	 34368	 1	 2925.404053	 1	 22368256	 44032	 2	 3748.003906	 3	 238040	 440	 1	 39.776001	
383	 241	 1	 17458944	 34368	 1	 2925.404053	 1	 25229312	 49664	 2	 4227.399902	 3	 268336	 496	 1	 44.838402	
384	 241	 1	 17458944	 34368	 1	 2925.404053	 1	 29594556	 58257	 2	 4958.835938	 3	 314862	 582	 1	 52.612801	
385	 241	 1	 17458944	 34368	 1	 2925.404053	 1	 32333184	 63648	 2	 5417.717773	 3	 344076	 636	 1	 57.494400	
386	 241	 1	 17458944	 34368	 1	 2925.404053	 1	 33886140	 66705	 2	 5677.929688	 3	 18049383	 33363	 1	 3016.015137	
387	 241	 1	 17458944	 34368	 1	 2925.404053	 1	 34950400	 68800	 3	 5856.255859	 3	 18607695	 34395	 1	 3109.308105	
388	 241	 1	 17458944	 34368	 1	 2925.404053	 1	 34885376	 68672	 1	 5845.360840	 3	 18580104	 34344	 1	 3104.697510	
389	 241	 1	 17458944	 34368	 1	 2925.404053	 1	 34937192	 68774	 3	 5854.042969	 3	 18600121	 34381	 3	 3108.042480	
390	 241	 1	 17458944	 34368	 1	 2925.404053	 1	 33214564	 65383	 3	 5565.400879	 3	 17685831	 32691	 2	 2955.266357	
391	 241	 1	 17458944	 34368	 1	 2925.404053	 1	 30301184	 59648	 3	 5077.237793	 3	 16134784	 29824	 1	 2696.089600	
392	 241	 1	 17458944	 34368	 1	 2925.404053	 1	 28578048	 56256	 4	 4788.510742	 3	 15212920	 28120	 3	 2542.048096	
393	 241	 1	 17458944	 34368	 1	 2925.404053	 1	 26146252	 51469	 4	 4381.041504	 3	 13932914	 25754	 2	 2328.161621	
394	 241	 1	 17458944	 34368	 1	 2925.404053	 1	 24176228	 47591	 5	 4050.945801	 3	 12877964	 23804	 2	 2151.881592	
395	 241	 1	 17458944	 34368	 1	 2925.404053	 1	 22813772	 44909	 4	 3822.654053	 3	 12135712	 22432	 2	 2027.852783	
396	 241	 1	 17458944	 34368	 1	 2925.404053	 1	 22146260	 43595	 2	 3710.806396	 3	 11797587	 21807	 1	 1971.352783	
397	 241	 1	 17458944	 34368	 1	 2925.404053	 1	 21785580	 42885	 2	 3650.371094	 3	 11601745	 21445	 1	 1938.628052	
398	 241	 1	 17458944	 34368	 1	 2925.404053	 1	 20254976	 39872	 3	 3393.904541	 3	 10785376	 19936	 1	 1802.214355	
399	 241	 1	 17458944	 34368	 1	 2925.404053	 1	 18791936	 36992	 4	 3148.759033	 3	 10009041	 18501	 2	 1672.490356	
400	 241	 1	 17505172	 34459	 1	 2933.150146	 2	 18086284	 34483	 1	 3026.220215	 3	 9814112	 17248	 1	 1636.490234	
401	 241	 1	 15950184	 31398	 4	 2672.597656	 2	 16449943	 31363	 3	 2752.424805	 3	 8928179	 15691	 2	 1488.762085	
402	 241	 1	 14890496	 29312	 1	 2495.037354	 2	 15374144	 29312	 1	 2572.421143	 3	 8339264	 14656	 2	 1390.561279	
403	 241	 1	 14272768	 28096	 1	 2391.531494	 2	 14736352	 28096	 1	 2465.705078	 3	 7993312	 14048	 2	 1332.874268	
404	 241	 1	 14472412	 28489	 1	 2424.983643	 2	 14937219	 28479	 1	 2499.314453	 3	 8102560	 14240	 3	 1351.091187	
405	 241	 1	 16616172	 32709	 3	 2784.190186	 2	 17182145	 32759	 9	 2874.937744	 3	 9315099	 16371	 2	 1553.280518	
406	 241	 1	 20020280	 39410	 3	 3354.579102	 2	 20644320	 39360	 5	 3454.233643	 3	 11205886	 19694	 2	 1868.566772	
407	 241	 1	 22196044	 43693	 1	 3719.148193	 2	 22913208	 43686	 0	 3833.867432	 3	 12433788	 21852	 0	 2073.317871	
408	 241	 1	 24917908	 49051	 2	 4175.221191	 2	 25725643	 49048	 1	 4304.447266	 3	 13951880	 24520	 1	 2326.457520	
409	 241	 1	 28187904	 55488	 2	 4723.138672	 2	 29110766	 55502	 3	 4870.850098	 3	 15794871	 27759	 2	 2633.773926	
410	 241	 1	 32512000	 64000	 3	 5447.680176	 2	 33569933	 64004	 4	 5616.964844	 3	 18209707	 32003	 2	 3036.444580	
411	 241	 1	 36803076	 72447	 2	 6166.688477	 2	 37996304	 72443	 1	 6357.589844	 3	 20609180	 36220	 2	 3436.553711	
412	 241	 1	 39008812	 76789	 5	 6536.279785	 2	 40274864	 76787	 4	 6738.840332	 3	 21843341	 38389	 4	 3642.348389	
413	 241	 1	 38866064	 76508	 2	 6512.360840	 2	 40127872	 76507	 3	 6714.246582	 3	 21771078	 38262	 2	 3630.298584	
414	 241	 1	 37180520	 73190	 3	 6229.932617	 2	 38390253	 73194	 6	 6423.505371	 3	 20821986	 36594	 3	 3472.038818	
415	 241	 1	 34809684	 68523	 3	 5832.677734	 2	 35929398	 68502	 5	 6011.751465	 3	 19493371	 34259	 2	 3250.493896	
416	 241	 1	 33868360	 66670	 3	 5674.950195	 2	 34965169	 66664	 4	 5850.416992	 3	 18966477	 33333	 2	 3162.635010	
417	 241	 1	 33004760	 64970	 4	 5530.246582	 2	 34084075	 64984	 4	 5702.990723	 3	 18489655	 32495	 4	 3083.125488	
418	 241	 1	 31388304	 61788	 2	 5259.394531	 2	 32410346	 61793	 2	 5422.940430	 3	 17587221	 30909	 5	 2932.645996	
419	 241	 1	 29124148	 57331	 3	 4880.014648	 2	 30068945	 57329	 2	 5031.174316	 3	 16309816	 28664	 1	 2719.640381	
420	 241	 1	 25521920	 50240	 1	 4276.428711	 2	 26354535	 50247	 0	 4409.674316	 3	 14296694	 25126	 1	 2383.954834	
421	 241	 1	 23116032	 45504	 1	 3873.300537	 2	 23866307	 45503	 1	 3993.340576	 3	 12944750	 22750	 1	 2158.520020	
422	 241	 1	 20900644	 41143	 4	 3502.092041	 2	 21552213	 41091	 4	 3606.143555	 3	 11698640	 20560	 2	 1950.732788	
423	 241	 1	 18701004	 36813	 4	 3133.522461	 2	 19301600	 36800	 4	 3229.568115	 3	 10473583	 18407	 5	 1746.456177	
424	 241	 1	 16516096	 32512	 3	 2767.421387	 2	 17057037	 32520	 2	 2854.002686	 3	 9249664	 16256	 1	 1542.369263	
425	 241	 1	 14565376	 28672	 1	 2440.560547	 2	 15038464	 28672	 2	 2516.254639	 3	 8157184	 14336	 0	 1360.199707	
426	 241	 1	 13590524	 26753	 2	 2277.215332	 2	 14039915	 26768	 2	 2349.175537	 3	 7627445	 13405	 1	 1271.866455	
427	 241	 1	 13092176	 25772	 1	 2193.712646	 2	 13522118	 25781	 1	 2262.537842	 3	 7338393	 12897	 3	 1223.667358	
428	 241	 1	 14662912	 28864	 1	 2456.903564	 2	 15139168	 28864	 1	 2533.104736	 3	 8211808	 14432	 1	 1369.308105	
429	 241	 1	 18141696	 35712	 1	 3039.805420	 2	 18730436	 35711	 0	 3134.000000	 3	 10159495	 17855	 2	 1694.082397	
430	 241	 1	 20736560	 40820	 2	 3474.598389	 2	 21416384	 40832	 2	 3583.416260	 3	 11629222	 20438	 1	 1939.157471	
431	 241	 1	 22627844	 44543	 1	 3791.500244	 2	 23332808	 44486	 1	 3904.075439	 3	 12673906	 22274	 1	 2113.357178	
432	 241	 1	 24371808	 47976	 2	 4083.717041	 2	 25143547	 47938	 2	 4207.049316	 3	 13654293	 23997	 2	 2276.835449	
433	 241	 1	 25787096	 50762	 3	 4320.861328	 2	 26619114	 50751	 4	 4453.941895	 3	 14444634	 25386	 3	 2408.623779	
434	 241	 1	 26804620	 52765	 1	 4491.356934	 2	 26973648	 52755	 1	 4518.362793	 3	 3002613	 5277	 1	 500.681763	
435	 241	 1	 27494992	 54124	 1	 4607.034668	 2	 27673080	 54123	 2	 4635.524902	 3	 3081135	 5415	 1	 513.775208	
436	 241	 1	 27922220	 54965	 2	 4678.620605	 2	 28101015	 54960	 1	 4707.208984	 3	 3127224	 5496	 1	 521.460510	
437	 241	 1	 27802840	 54730	 1	 4658.617676	 2	 27983449	 54730	 1	 4687.515137	 3	 3115844	 5476	 1	 519.562866	
438	 241	 1	 27841956	 54807	 2	 4665.171875	 2	 28021780	 54805	 1	 4693.936035	 3	 3117551	 5479	 1	 519.847534	
439	 241	 1	 26519124	 52203	 1	 4443.519531	 2	 26695481	 52211	 2	 4471.767090	 3	 2969611	 5219	 1	 495.178711	
440	 241	 1	 24466296	 48162	 2	 4099.549316	 2	 24614457	 48141	 2	 4123.174316	 3	 2740304	 4816	 1	 456.942078	
441	 241	 1	 23798784	 46848	 1	 3987.701660	 2	 23939066	 46820	 2	 4010.039307	 3	 2665196	 4684	 1	 444.417908	
442	 241	 1	 23058628	 45391	 1	 3863.681885	 2	 23208448	 45391	 2	 3887.653076	 3	 2581553	 4537	 0	 430.470551	
443	 241	 1	 23064724	 45403	 1	 3864.703369	 2	 23202286	 45379	 0	 3886.621094	 3	 2584398	 4542	 1	 430.944946	
444	 241	 1	 22661372	 44609	 1	 3797.118164	 2	 22808044	 44608	 1	 3820.581787	 3	 2538878	 4462	 0	 423.354553	
445	 241	 1	 22108160	 43520	 2	 3704.422363	 1	 22079712	 43464	 2	 3699.655762	 3	 2354432	 4352	 1	 393.420807	
446	 241	 1	 22108160	 43520	 2	 3704.422363	 1	 20367244	 40093	 2	 3412.716064	 3	 2169951	 4011	 1	 362.594391	
447	 241	 1	 22108160	 43520	 2	 3704.422363	 1	 18415508	 36251	 1	 3085.685059	 3	 1959502	 3622	 1	 327.428802	
448	 241	 1	 22108160	 43520	 2	 3704.422363	 1	 16938752	 33344	 1	 2838.241211	 3	 1805858	 3338	 2	 301.755188	
449	 241	 1	 22108160	 43520	 2	 3704.422363	 1	 15819120	 31140	 1	 2650.636719	 3	 1684674	 3114	 2	 281.505615	
450	 241	 1	 22108160	 43520	 2	 3704.422363	 1	 14630400	 28800	 1	 2451.456055	 3	 1558080	 2880	 2	 260.351990	
451	 241	 1	 22108160	 43520	 2	 3704.422363	 1	 13947648	 27456	 1	 2337.054688	 3	 1485586	 2746	 1	 248.238403	
452	 241	 1	 22108160	 43520	 2	 3704.422363	 1	 13557504	 26688	 2	 2271.682617	 3	 1443929	 2669	 1	 241.277603	
453	 241	 1	 22108160	 43520	 2	 3704.422363	 1	 14695424	 28928	 1	 2462.351318	 3	 1565113	 2893	 2	 261.527191	
454	 241	 1	 22108160	 43520	 2	 3704.422363	 1	 19550380	 38485	 2	 3275.843262	 3	 2082309	 3849	 1	 347.949585	
455	 241	 1	 22108160	 43520	 2	 3704.422363	 1	 27619452	 54369	 2	 4627.889160	 3	 2943040	 5440	 1	 491.776001	
456	 241	 1	 22108160	 43520	 2	 3704.422363	 1	 36716716	 72277	 2	 6152.218262	 3	 3911430	 7230	 1	 653.591980	
457	 241	 1	 22108160	 43520	 2	 3704.422363	 1	 42561256	 83782	 2	 7131.523926	 3	 4533580	 8380	 1	 757.552002	
458	 241	 1	 22108160	 43520	 2	 3704.422363	 1	 45241464	 89058	 2	 7580.617188	 3	 481490	 890	 1	 80.456001	
459	 241	 1	 22108160	 43520	 2	 3704.422363	 1	 46868080	 92260	 2	 7853.171387	 3	 499343	 923	 1	 83.439201	
460	 241	 1	 22108160	 43520	 2	 3704.422363	 1	 47411132	 93329	 2	 7944.164551	 3	 504753	 933	 1	 84.343201	
461	 241	 1	 22108160	 43520	 2	 3704.422363	 1	 49625504	 97688	 2	 8315.202148	 3	 528557	 977	 1	 88.320801	
462	 241	 1	 22108160	 43520	 2	 3704.422363	 1	 52510944	 103368	 2	 8798.684570	 3	 559394	 1034	 1	 93.473602	
463	 241	 1	 22108160	 43520	 2	 3704.422363	 1	 52213764	 102783	 2	 8748.888672	 3	 556148	 1028	 1	 92.931198	
464	 241	 1	 22108160	 43520	 2	 3704.422363	 1	 47713900	 93925	 2	 7994.895996	 3	 508540	 940	 2	 84.975998	
465	 241	 1	 22108160	 43520	 2	 3704.422363	 1	 42463720	 83590	 2	 7115.180664	 3	 452276	 836	 1	 75.574402	
466	 241	 1	 22108160	 43520	 2	 3704.422363	 1	 38094920	 74990	 2	 6383.148926	 3	 405750	 750	 1	 67.800003	
467	 241	 1	 22108160	 43520	 2	 3704.422363	 1	 36250372	 71359	 2	 6074.078125	 3	 385733	 713	 1	 64.455200	
468	 241	 1	 22108160	 43520	 2	 3704.422363	 1	 34365692	 67649	 1	 5758.282715	 3	 366257	 677	 1	 61.200802	
469	 241	 1	 22108160	 43520	 2	 3704.422363	 1	 31829248	 62656	 1	 5333.278809	 3	 339207	 627	 2	 56.680801	
470	 241	 1	 22108160	 43520	 2	 3704.422363	 1	 28930600	 56950	 1	 4847.583984	 3	 307829	 569	 1	 51.437599	
471	 241	 1	 22108160	 43520	 2	 3704.422363	 1	 24202644	 47643	 2	 4055.372070	 3	 257516	 476	 1	 43.030399	
472	 241	 1	 22108160	 43520	 2	 3704.422363	 1	 19918172	 39209	 1	 3337.469971	 3	 212072	 392	 1	 35.436798	
473	 241	 1	 22108160	 43520	 2	 3704.422363	 1	 18294096	 36012	 2	 3065.341553	 3	 194760	 360	 1	 32.543999	
474	 241	 1	 22108160	 43520	 2	 3704.422363	 1	 16640048	 32756	 3	 2788.190674	 3	 176907	 327	 1	 29.560801	
475	 241	 1	 22108160	 43520	 2	 3704.422363	 1	 15898368	 31296	 1	 2663.915527	 3	 169333	 313	 1	 28.295200	
476	 241	 1	 22108160	 43520	 2	 3704.422363	 1	 15263876	 30047	 2	 2557.600586	 3	 162300	 300	 1	 27.120001	
477	 241	 1	 22108160	 43520	 2	 3704.422363	 1	 17556480	 34560	 2	 2941.747314	 3	 187186	 346	 1	 31.278400	
478	 241	 1	 22108160	 43520	 2	 3704.422363	 1	 23936452	 47119	 1	 4010.769287	 3	 255352	 472	 1	 42.668800	
479	 241	 1	 22108160	 43520	 2	 3704.422363	 1	 32872680	 64710	 2	 5508.115234	 3	 350027	 647	 1	 58.488800	
480	 241	 1	 22108160	 43520	 2	 3704.422363	 1	 40775636	 80267	 2	 6832.327148	 3	 433882	 802	 1	 72.500801	
481	 241	 1	 22108160	 43520	 2	 3704.422363	 1	 45397420	 89365	 1	 7606.749023	 3	 483654	 894	 1	 80.817596	
482	 241	 1	 22108160	 43520	 2	 3704.422363	 1	 46311312	 91164	 1	 7759.879883	 3	 493392	 912	 1	 82.444801	
483	 241	 1	 22108160	 43520	 2	 3704.422363	 1	 46635416	 91802	 2	 7814.186035	 3	 496638	 918	 1	 82.987198	
484	 241	 1	 22108160	 43520	 2	 3704.422363	 1	 46187360	 90920	 2	 7739.110352	 3	 491769	 909	 1	 82.173599	
485	 241	 1	 22108160	 43520	 2	 3704.422363	 1	 45817536	 90192	 1	 7677.143066	 3	 487982	 902	 1	 81.540802	
486	 241	 1	 22108160	 43520	 2	 3704.422363	 1	 44928028	 88441	 2	 7528.098145	 3	 478785	 885	 1	 80.003998	
487	 241	 1	 22108160	 43520	 2	 3704.422363	 1	 41930320	 82540	 2	 7025.804688	 3	 446325	 825	 1	 74.580002	
488	 241	 1	 22108160	 43520	 2	 3704.422363	 1	 35664140	 70205	 1	 5975.849609	 3	 379782	 702	 1	 63.460800	
489	 241	 1	 22108160	 43520	 2	 3704.422363	 1	 30635956	 60307	 1	 5133.332031	 3	 326223	 603	 1	 54.511200	
490	 241	 1	 22108160	 43520	 2	 3704.422363	 1	 27502612	 54139	 2	 4608.311523	 3	 292681	 541	 1	 48.906399	
491	 241	 1	 22108160	 43520	 2	 3704.422363	 1	 25755092	 50699	 1	 4315.499023	 3	 274287	 507	 1	 45.832802	
492	 241	 1	 22108160	 43520	 2	 3704.422363	 1	 24221440	 47680	 2	 4058.521484	 3	 258057	 477	 1	 43.120800	
493	 241	 1	 22108160	 43520	 2	 3704.422363	 1	 22117812	 43539	 1	 3706.039795	 3	 235335	 435	 1	 39.324001	
494	 241	 1	 22108160	 43520	 2	 3704.422363	 1	 20023328	 39416	 3	 3355.089844	 3	 213154	 394	 2	 35.617599	
495	 241	 1	 22108160	 43520	 2	 3704.422363	 1	 18369280	 36160	 2	 3077.939209	 3	 195842	 362	 1	 32.724800	
496	 241	 1	 22108160	 43520	 2	 3704.422363	 1	 16711168	 32896	 2	 2800.107422	 3	 177989	 329	 1	 29.741600	
497	 241	 1	 22108160	 43520	 2	 3704.422363	 1	 15990316	 31477	 3	 2679.322266	 3	 170415	 315	 1	 28.476000	
498	 241	 1	 22108160	 43520	 2	 3704.422363	 1	 15584932	 30679	 2	 2611.396484	 3	 165546	 306	 1	 27.662399	
499	 241	 1	 22108160	 43520	 2	 3704.422363	 1	 15118080	 29760	 1	 2533.171143	 3	 161218	 298	 1	 26.939199	
500	 241	 1	 22108160	 43520	 2	 3704.422363	 1	 15053056	 29632	 2	 2522.275879	 3	 160136	 296	 1	 26.758400	
501	 241	 1	 22108160	 43520	 2	 3704.422363	 1	 15443200	 30400	 2	 2587.647949	 3	 164464	 304	 1	 27.481600	
502	 241	 1	 22108160	 43520	 2	 3704.422363	 1	 17994884	 35423	 2	 3015.205811	 3	 191514	 354	 1	 32.001598	
503	 241	 1	 22108160	 43520	 2	 3704.422363	 1	 24936196	 49087	 2	 4178.285645	 3	 265090	 490	 1	 44.296001	
504	 241	 1	 22108160	 43520	 2	 3704.422363	 1	 34307780	 67535	 2	 5748.579102	 3	 365175	 675	 1	 61.020000	
505	 241	 1	 22108160	 43520	 2	 3704.422363	 1	 40897556	 80507	 2	 6852.755859	 3	 435505	 805	 1	 72.772003	
506	 241	 1	 22108160	 43520	 2	 3704.422363	 1	 44673520	 87940	 2	 7485.452637	 3	 47608	 88	 2	 7.955200	
507	 241	 1	 22108160	 43520	 2	 3704.422363	 1	 47553372	 93609	 2	 7967.998047	 3	 50854	 94	 1	 8.497600	
508	 241	 1	 22108160	 43520	 2	 3704.422363	 1	 50917856	 100232	 1	 8531.748047	 3	 54641	 101	 1	 9.130400	
509	 241	 1	 22108160	 43520	 2	 3704.422363	 1	 55189628	 108641	 2	 9247.521484	 3	 58428	 108	 1	 9.763200	
510	 241	 1	 22108160	 43520	 2	 3704.422363	 1	 56897524	 112003	 2	 9533.695312	 3	 60592	 112	 1	 10.124800	
511	 241	 1	 22108160	 43520	 2	 3704.422363	 1	 55302912	 108864	 1	 9266.503906	 3	 58428	 108	 1	 9.763200	
512	 241	 1	 22108160	 43520	 2	 3704.422363	 1	 50529744	 99468	 1	 8466.715820	 3	 53559	 99	 2	 8.949600	
513	 241	 1	 22108160	 43520	 2	 3704.422363	 1	 43940476	 86497	 3	 7362.624512	 3	 47067	 87	 1	 7.864800	
514	 241	 1	 22108160	 43520	 2	 3704.422363	 1	 39186104	 77138	 2	 6565.986328	 3	 41657	 77	 1	 6.960800	
515	 241	 1	 22108160	 43520	 2	 3704.422363	 1	 37128704	 73088	 1	 6221.250488	 3	 40034	 74	 1	 6.689600	
516	 241	 1	 22108160	 43520	 2	 3704.422363	 1	 34676588	 68261	 2	 5810.376465	 3	 37329	 69	 1	 6.237600	
517	 241	 1	 22108160	 43520	 2	 3704.422363	 1	 30658816	 60352	 3	 5137.162109	 3	 33001	 61	 1	 5.514400	
518	 241	 1	 22108160	 43520	 2	 3704.422363	 1	 25542748	 50281	 3	 4279.918945	 3	 28132	 52	 1	 4.700800	
519	 241	 1	 22108160	 43520	 2	 3704.422363	 1	 21818092	 42949	 2	 3655.818848	 3	 23804	 44	 1	 3.977600	
520	 241	 1	 22108160	 43520	 2	 3704.422363	 1	 19539712	 38464	 2	 3274.055664	 3	 21640	 40	 1	 3.545098	
521	 241	 1	 22108160	 43520	 2	 3704.422363	 1	 17458944	 34368	 2	 2925.404053	 3	 18935	 35	 1	 3.164000	
522	 241	 1	 22108160	 43520	 2	 3704.422363	 1	 15898368	 31296	 2	 2663.915527	 3	 17853	 33	 1	 2.924706	
523	 241	 1	 22108160	 43520	 2	 3704.422363	 1	 14402816	 28352	 2	 2413.322266	 3	 16230	 30	 1	 2.658823	
524	 241	 1	 22108160	 43520	 2	 3704.422363	 1	 13622528	 26816	 3	 2282.577881	 3	 15148	 28	 1	 2.531200	
525	 241	 1	 22108160	 43520	 2	 3704.422363	 1	 13655040	 26880	 2	 2288.025635	 3	 15148	 28	 1	 2.531200	
526	 241	 1	 22108160	 43520	 2	 3704.422363	 1	 15640304	 30788	 2	 2620.674561	 3	 17312	 32	 1	 2.892800	
527	 241	 1	 22108160	 43520	 2	 3704.422363	 1	 19247612	 37889	 2	 3225.111572	 3	 21099	 39	 1	 3.525600	
528	 241	 1	 22108160	 43520	 2	 3704.422363	 1	 22911816	 45102	 2	 3839.082275	 3	 24886	 46	 2	 4.158400	
529	 241	 1	 22108160	 43520	 2	 3704.422363	 1	 27392376	 53922	 1	 4589.840820	 3	 29755	 55	 1	 4.972000	
530	 241	 1	 22108160	 43520	 2	 3704.422363	 1	 31861760	 62720	 2	 5338.726562	 3	 16965219	 31359	 1	 2834.853516	
531	 241	 1	 22108160	 43520	 2	 3704.422363	 1	 34237168	 67396	 4	 5736.747559	 3	 18234405	 33705	 2	 3046.931885	
532	 241	 1	 22108160	 43520	 2	 3704.422363	 1	 35513264	 69908	 3	 5950.568848	 3	 18910655	 34955	 3	 3159.931885	
533	 241	 1	 22108160	 43520	 2	 3704.422363	 1	 36248340	 71355	 4	 6073.737793	 3	 19298552	 35672	 2	 3224.748779	
534	 241	 1	 22108160	 43520	 2	 3704.422363	 1	 36443920	 71740	 4	 6106.508789	 3	 19402965	 35865	 1	 3242.196045	
535	 241	 1	 22108160	 43520	 2	 3704.422363	 1	 36022280	 70910	 3	 6035.859375	 3	 19183319	 35459	 4	 3205.493652	
536	 241	 1	 22108160	 43520	 2	 3704.422363	 1	 34822384	 68548	 4	 5834.805664	 3	 18544939	 34279	 2	 3098.821533	
537	 241	 1	 22108160	 43520	 2	 3704.422363	 1	 32250888	 63486	 5	 5403.928223	 3	 17172422	 31742	 2	 2869.476807	
538	 241	 1	 22108160	 43520	 2	 3704.422363	 1	 29681424	 58428	 1	 4973.391602	 3	 15802069	 29209	 1	 2640.493652	
539	 241	 1	 22108160	 43520	 2	 3704.422363	 1	 26904188	 52961	 1	 4508.040527	 3	 14322434	 26474	 1	 2393.249512	
540	 241	 1	 22108160	 43520	 2	 3704.422363	 1	 25359868	 49921	 2	 4249.275391	 3	 13511475	 24975	 2	 2257.739990	
541	 241	 1	 22108160	 43520	 2	 3704.422363	 1	 24451056	 48132	 2	 4096.995605	 3	 13025116	 24076	 2	 2176.470459	
542	 241	 1	 22108160	 43520	 2	 3704.422363	 1	 23155148	 45581	 1	 3879.854736	 3	 12340210	 22810	 0	 2062.023926	
543	 241	 1	 22108160	 43520	 2	 3704.422363	 1	 20993100	 41325	 3	 3517.583984	 3	 11183552	 20672	 2	 1868.748779	
544	 241	 1	 22108160	 43520	 2	 3704.422363	 1	 18759424	 36928	 1	 3143.311279	 3	 9990647	 18467	 0	 1669.416748	
545	 241	 1	 22108160	 43520	 2	 3704.422363	 1	 17360900	 34175	 1	 2908.976074	 3	 9230542	 17062	 1	 1542.404785	
546	 241	 1	 22108160	 43520	 2	 3704.422363	 1	 15963392	 31424	 1	 2674.810791	 3	 8499110	 15710	 1	 1420.183960	
547	 241	 1	 22108160	 43520	 2	 3704.422363	 1	 15061692	 29649	 1	 2523.722900	 3	 8023571	 14831	 1	 1340.722412	
548	 241	 1	 22108160	 43520	 2	 3704.422363	 1	 14825472	 29184	 3	 2484.142090	 3	 7894272	 14592	 2	 1319.116821	
549	 241	 1	 22108160	 43520	 2	 3704.422363	 1	 14695424	 28928	 1	 2462.351318	 3	 7826106	 14466	 1	 1307.726440	
550	 241	 1	 22108160	 43520	 2	 3704.422363	 1	 17328896	 34112	 1	 2903.613525	 3	 9214312	 17032	 0	 1539.692749	
551	 241	 1	 22108160	 43520	 2	 3704.422363	 1	 20937728	 41216	 3	 3508.305908	 3	 11152174	 20614	 1	 1863.505615	
552	 241	 1	 22108160	 43520	 2	 3704.422363	 1	 25099264	 49408	 1	 4205.608887	 3	 13361618	 24698	 1	 2232.699219	
553	 241	 1	 22108160	 43520	 2	 3704.422363	 1	 30026356	 59107	 2	 5031.187988	 3	 15990878	 29558	 0	 2672.043213	
554	 241	 1	 22108160	 43520	 2	 3704.422363	 1	 34196020	 67315	 2	 5729.853027	 3	 3642553	 6733	 1	 608.663208	
555	 241	 1	 22108160	 43520	 2	 3704.422363	 1	 35946080	 70760	 3	 6023.091309	 3	 3829739	 7079	 1	 639.941589	
556	 241	 1	 22108160	 43520	 2	 3704.422363	 1	 37451792	 73724	 2	 6275.386719	 3	 3987711	 7371	 0	 666.338379	
557	 241	 1	 22108160	 43520	 2	 3704.422363	 1	 37173408	 73176	 1	 6228.741211	 3	 3960120	 7320	 1	 661.728027	
558	 241	 1	 22108160	 43520	 2	 3704.422363	 1	 38416992	 75624	 1	 6437.114746	 3	 4091042	 7562	 1	 683.604797	
559	 241	 1	 22108160	 43520	 2	 3704.422363	 1	 40060880	 78860	 3	 6712.562988	 3	 4266326	 7886	 1	 712.894409	
560	 241	 1	 22108160	 43520	 2	 3704.422363	 1	 40799004	 80313	 3	 6836.242676	 3	 4344771	 8031	 1	 726.002380	
561	 241	 1	 22108160	 43520	 2	 3704.422363	 1	 40332660	 79395	 3	 6758.102539	 3	 4296081	 7941	 0	 717.866394	
562	 241	 1	 22108160	 43520	 2	 3704.422363	 1	 38436804	 75663	 2	 6440.434570	 3	 4093747	 7567	 1	 684.056824	
563	 241	 1	 22108160	 43520	 2	 3704.422363	 1	 35535616	 69952	 2	 5954.314453	 3	 3785918	 6998	 1	 632.619202	
564	 241	 1	 22108160	 43520	 2	 3704.422363	 1	 34437828	 67791	 1	 5770.370117	 3	 3667980	 6780	 0	 612.911987	
565	 241	 1	 22108160	 43520	 2	 3704.422363	 1	 32614616	 64202	 3	 5464.874023	 3	 3473220	 6420	 1	 580.367981	
566	 241	 1	 22108160	 43520	 2	 3704.422363	 1	 30378400	 59800	 2	 5090.175781	 3	 3236803	 5983	 0	 540.863220	
567	 241	 1	 22108160	 43520	 2	 3704.422363	 1	 27493976	 54122	 2	 4606.864746	 3	 2928974	 5414	 1	 489.425598	
568	 241	 1	 22108160	 43520	 2	 3704.422363	 1	 23148544	 45568	 1	 3878.748047	 3	 2464255	 4555	 1	 411.772003	
569	 241	 1	 22108160	 43520	 2	 3704.422363	 1	 19090132	 37579	 1	 3198.724365	 3	 2033619	 3759	 1	 339.813599	
570	 241	 1	 22108160	 43520	 2	 3704.422363	 1	 17458944	 34368	 2	 2925.404053	 3	 1859417	 3437	 1	 310.704803	
571	 241	 1	 22108160	 43520	 2	 3704.422363	 1	 16015716	 31527	 2	 2683.578125	 3	 1706855	 3155	 1	 285.212006	
572	 241	 1	 22108160	 43520	 2	 3704.422363	 1	 15475712	 30464	 1	 2593.095703	 3	 1648968	 3048	 1	 275.539215	
573	 241	 1	 22108160	 43520	 2	 3704.422363	 1	 14435328	 28416	 2	 2418.770020	 3	 1536440	 2840	 1	 256.735992	
574	 241	 1	 22108160	 43520	 2	 3704.422363	 1	 14368780	 28285	 2	 2407.619141	 3	 1529407	 2827	 1	 255.560806	
575	 241	 1	 22108160	 43520	 2	 3704.422363	 1	 14988032	 29504	 2	 2511.380371	 3	 1595950	 2950	 1	 266.679993	
576	 241	 1	 22108160	 43520	 2	 3704.422363	 1	 16353536	 32192	 1	 2740.183105	 3	 1741479	 3219	 1	 290.997589	
577	 241	 1	 22108160	 43520	 2	 3704.422363	 1	 18856960	 37120	 2	 3159.654297	 3	 2011438	 3718	 1	 336.107208	
578	 241	 1	 22108160	 43520	 2	 3704.422363	 1	 22308820	 43915	 4	 3738.044922	 3	 11904164	 22004	 2	 1989.161621	
579	 241	 1	 22108160	 43520	 2	 3704.422363	 1	 25494996	 50187	 2	 4271.917480	 3	 13589920	 25120	 1	 2270.847900	
580	 241	 1	 22108160	 43520	 2	 3704.422363	 1	 27001216	 53152	 3	 4524.298340	 3	 14380321	 26581	 2	 2402.922363	
581	 241	 1	 22108160	 43520	 2	 3704.422363	 1	 28071064	 55258	 5	 4703.561035	 3	 14943502	 27622	 2	 2497.028809	
582	 241	 1	 22108160	 43520	 2	 3704.422363	 1	 28237688	 55586	 4	 4731.480469	 3	 15033308	 27788	 2	 2512.035156	
583	 241	 1	 22108160	 43520	 2	 3704.422363	 1	 28496260	 56095	 3	 4774.806641	 3	 15174509	 28049	 1	 2535.629639	
584	 241	 1	 22108160	 43520	 2	 3704.422363	 1	 29050996	 57187	 3	 4867.757324	 3	 15475305	 28605	 3	 2585.892090	
585	 241	 1	 22108160	 43520	 2	 3704.422363	 1	 29878528	 58816	 2	 5006.417969	 3	 15907023	 29403	 2	 2658.031250	
586	 241	 1	 22108160	 43520	 2	 3704.422363	 1	 29493972	 58059	 2	 4941.981934	 3	 15706853	 29033	 1	 2624.583252	
587	 241	 1	 22108160	 43520	 2	 3704.422363	 1	 27901392	 54924	 3	 4675.130859	 3	 14863434	 27474	 1	 2483.649658	
588	 241	 1	 22108160	 43520	 2	 3704.422363	 1	 25488900	 50175	 1	 4270.895996	 3	 13572067	 25087	 1	 2267.864746	
589	 241	 1	 22108160	 43520	 2	 3704.422363	 1	 23603712	 46464	 2	 3955.015625	 3	 12573381	 23241	 1	 2100.986328	
590	 241	 1	 22108160	 43520	 2	 3704.422363	 1	 22035516	 43377	 1	 3692.250244	 3	 11738077	 21697	 1	 1961.408813	
591	 241	 1	 22108160	 43520	 2	 3704.422363	 1	 20515580	 40385	 3	 3437.571289	 3	 10934151	 20211	 2	 1827.074341	
592	 241	 1	 22108160	 43520	 2	 3704.422363	 1	 18629376	 36672	 1	 3121.520752	 3	 9919776	 18336	 1	 1657.574341	
593	 241	 1	 22108160	 43520	 2	 3704.422363	 1	 17027652	 33519	 4	 2853.137207	 3	 9080144	 16784	 2	 1517.273560	
594	 241	 1	 22108160	 43520	 2	 3704.422363	 1	 16418560	 32320	 2	 2751.078369	 3	 8743642	 16162	 1	 1461.044800	
595	 241	 1	 22108160	 43520	 2	 3704.422363	 1	 15540736	 30592	 1	 2603.990967	 3	 8275136	 15296	 1	 1382.758423	
596	 241	 1	 22108160	 43520	 2	 3704.422363	 1	 15573248	 30656	 1	 2609.438721	 3	 8292448	 15328	 1	 1385.651245	
597	 241	 1	 22108160	 43520	 2	 3704.422363	 1	 16613632	 32704	 2	 2783.764404	 3	 8853465	 16365	 1	 1479.395996	
598	 241	 1	 22108160	 43520	 2	 3704.422363	 1	 18867120	 37140	 1	 3161.356689	 3	 10051780	 18580	 1	 1679.631958	
599	 241	 1	 22108160	 43520	 2	 3704.422363	 1	 22135084	 43573	 4	 3708.933838	 3	 11788931	 21791	 2	 1969.906372	
600	 241	 1	 22108160	 43520	 2	 3704.422363	 1	 24969724	 49153	 3	 4183.903320	 3	 13297239	 24579	 2	 2221.941650	
601	 241	 1	 22108160	 43520	 2	 3704.422363	 1	 28165552	 55444	 1	 4719.393066	 3	 15004635	 27735	 1	 2507.243896	
602	 241	 1	 22108160	 43520	 2	 3704.422363	 1	 32582612	 64139	 3	 5459.511719	 3	 3469433	 6413	 1	 579.735229	
603	 241	 1	 22108160	 43520	 2	 3704.422363	 1	 36217860	 71295	 2	 6068.630371	 3	 3857330	 7130	 1	 644.552002	
604	 241	 1	 22108160	 43520	 2	 3704.422363	 1	 39094664	 76958	 1	 6550.665039	 3	 4162995	 7695	 1	 695.627991	
605	 241	 1	 22108160	 43520	 2	 3704.422363	 1	 42942764	 84533	 3	 7195.448730	 3	 4573073	 8453	 0	 764.151184	
606	 241	 1	 22108160	 43520	 2	 3704.422363	 1	 45399960	 89370	 2	 7607.174316	 3	 4834376	 8936	 1	 807.814392	
607	 241	 1	 22108160	 43520	 2	 3704.422363	 1	 45626020	 89815	 2	 7645.052734	 3	 4859262	 8982	 1	 811.972778	
608	 241	 1	 22108160	 43520	 2	 3704.422363	 1	 44003976	 86622	 3	 7373.264648	 3	 4686683	 8663	 1	 783.135193	
609	 241	 1	 22108160	 43520	 2	 3704.422363	 1	 42840656	 84332	 2	 7178.339844	 3	 4562253	 8433	 1	 762.343201	
610	 241	 1	 22108160	 43520	 2	 3704.422363	 1	 42020236	 82717	 2	 7040.871094	 3	 4475693	 8273	 1	 747.879211	
611	 241	 1	 22108160	 43520	 2	 3704.422363	 1	 38889432	 76554	 2	 6516.276367	 3	 4142437	 7657	 1	 692.192810	
612	 241	 1	 22108160	 43520	 2	 3704.422363	 1	 35125152	 69144	 2	 5885.537109	 3	 3740474	 6914	 1	 625.025574	
613	 241	 1	 22108160	 43520	 2	 3704.422363	 1	 31853632	 62704	 1	 5337.364258	 3	 3390988	 6268	 1	 566.627197	
614	 241	 1	 22108160	 43520	 2	 3704.422363	 1	 27537664	 54208	 1	 4614.185059	 3	 2932761	 5421	 1	 490.058411	
615	 241	 1	 22108160	 43520	 2	 3704.422363	 1	 23278084	 45823	 3	 3900.453857	 3	 2478862	 4582	 1	 414.212799	
616	 241	 1	 22108160	 43520	 2	 3704.422363	 1	 20254976	 39872	 3	 3393.904541	 3	 2157508	 3988	 1	 360.515198	
617	 241	 1	 22108160	 43520	 2	 3704.422363	 1	 18791936	 36992	 1	 3148.759033	 3	 2001159	 3699	 1	 334.389587	
618	 241	 1	 22108160	 43520	 2	 3704.422363	 1	 17394428	 34241	 1	 2914.593994	 3	 1852384	 3424	 1	 309.529602	
619	 241	 1	 22108160	 43520	 2	 3704.422363	 1	 15963392	 31424	 2	 2674.810791	 3	 1699281	 3141	 0	 283.946411	
620	 241	 1	 22108160	 43520	 2	 3704.422363	 1	 16125952	 31744	 2	 2702.049316	 3	 1717134	 3174	 1	 286.929596	
621	 241	 1	 22108160	 43520	 2	 3704.422363	 1	 19010376	 37422	 3	 3185.360596	 3	 2024963	 3743	 1	 338.367188	
622	 241	 1	 22108160	 43520	 2	 3704.422363	 1	 25591516	 50377	 2	 4288.090332	 3	 2725017	 5037	 1	 455.344788	
623	 241	 1	 22108160	 43520	 2	 3704.422363	 1	 31658052	 62319	 1	 5304.593262	 3	 3371512	 6232	 1	 563.372803	
624	 241	 1	 22108160	 43520	 2	 3704.422363	 1	 34170620	 67265	 2	 5725.596680	 3	 3639307	 6727	 1	 608.120789	
625	 241	 1	 22108160	 43520	 2	 3704.422363	 1	 36218368	 71296	 2	 6068.715332	 3	 3857330	 7130	 1	 644.552002	
626	 241	 1	 22108160	 43520	 2	 3704.422363	 1	 37312092	 73449	 2	 6251.979004	 3	 3973645	 7345	 1	 663.987976	
627	 241	 1	 22108160	 43520	 2	 3704.422363	 1	 40027860	 78795	 2	 6707.030273	 3	 4263080	 7880	 1	 712.351990	
628	 241	 1	 22108160	 43520	 2	 3704.422363	 1	 44121324	 86853	 2	 7392.927246	 3	 4699126	 8686	 1	 785.214417	
629	 241	 1	 22108160	 43520	 2	 3704.422363	 1	 45354748	 89281	 2	 7599.598633	 3	 4830589	 8929	 1	 807.181580	
630	 241	 1	 22108160	 43520	 2	 3704.422363	 1	 44748196	 88087	 2	 7497.965332	 3	 4765669	 8809	 1	 796.333618	
631	 241	 1	 22108160	 43520	 2	 3704.422363	 1	 40960548	 80631	 2	 6863.310547	 3	 4362624	 8064	 1	 728.985596	
632	 241	 1	 22108160	 43520	 2	 3704.422363	 1	 36054284	 70973	 2	 6041.221680	 3	 3838936	 7096	 1	 641.478394	
633	 241	 1	 22108160	 43520	 2	 3704.422363	 1	 34753296	 68412	 1	 5823.229492	 3	 3700981	 6841	 0	 618.426392	
634	 241	 1	 22108160	 43520	 2	 3704.422363	 1	 33914080	 66760	 3	 5682.611328	 3	 3611716	 6676	 1	 603.510376	
635	 241	 1	 22108160	 43520	 2	 3704.422363	 1	 32213296	 63412	 2	 5397.629395	 3	 3431022	 6342	 0	 573.316772	
636	 241	 1	 22108160	 43520	 2	 3704.422363	 1	 29443172	 57959	 3	 4933.470215	 3	 3135095	 5795	 1	 523.867981	
637	 241	 1	 22108160	 43520	 2	 3704.422363	 1	 24725884	 48673	 1	 4143.045898	 3	 2634129	 4869	 1	 440.157593	
638	 241	 1	 22108160	 43520	 2	 3704.422363	 1	 21961348	 43231	 3	 3679.822754	 3	 2339284	 4324	 1	 390.889587	
639	 241	 1	 22108160	 43520	 2	 3704.422363	 1	 20157440	 39680	 1	 3377.561523	 3	 2146688	 3968	 1	 358.707214	
640	 241	 1	 22108160	 43520	 2	 3704.422363	 1	 19247104	 37888	 1	 3225.026611	 3	 2049849	 3789	 1	 342.525604	
641	 241	 1	 22108160	 43520	 2	 3704.422363	 1	 17979136	 35392	 1	 3012.567139	 3	 1916763	 3543	 0	 320.287201	
642	 241	 1	 22108160	 43520	 2	 3704.422363	 1	 16987012	 33439	 1	 2846.327637	 3	 1810727	 3347	 1	 302.568787	
643	 241	 1	 22108160	 43520	 2	 3704.422363	 1	 16581120	 32640	 2	 2778.316895	 3	 1768529	 3269	 1	 295.517609	
644	 241	 1	 22108160	 43520	 2	 3704.422363	 1	 16559276	 32597	 2	 2774.656738	 3	 1765283	 3263	 1	 294.975189	
645	 241	 1	 22108160	 43520	 2	 3704.422363	 1	 18564352	 36544	 3	 3110.625244	 3	 1976814	 3654	 1	 330.321594	
646	 241	 1	 22108160	 43520	 2	 3704.422363	 1	 22864572	 45009	 3	 3831.166016	 3	 2435582	 4502	 1	 406.980804	
647	 241	 1	 22108160	 43520	 2	 3704.422363	 1	 27383232	 53904	 2	 4588.308594	 3	 2915449	 5389	 1	 487.165588	
648	 241	 1	 22108160	 43520	 2	 3704.422363	 1	 31677356	 62357	 3	 5307.827637	 3	 3372594	 6234	 1	 563.553589	
649	 241	 1	 22108160	 43520	 2	 3704.422363	 1	 34820352	 68544	 2	 5834.465332	 3	 3708555	 6855	 1	 619.692017	
650	 241	 1	 22108160	 43520	 2	 3704.422363	 1	 36819332	 72479	 3	 6169.412598	 3	 19606381	 36241	 1	 3276.186279	
