1	 360918	 19
2	 360802	 20
3	 378305	 20
4	 423199	 20
5	 493828	 20
6	 518140	 20
7	 553863	 20
8	 566199	 20
9	 555437	 20
10	 556671	 20
11	 575883	 20
12	 607457	 20
13	 626858	 20
14	 629999	 20
15	 623617	 20
16	 594146	 20
17	 569802	 20
18	 537987	 20
19	 517013	 20
20	 518244	 20
21	 536220	 20
22	 599208	 20
23	 682426	 20
24	 737782	 20
25	 766952	 20
26	 784335	 20
27	 809028	 20
28	 859807	 20
29	 907982	 20
30	 893865	 20
31	 826819	 20
32	 725813	 20
33	 665086	 20
34	 639880	 20
35	 626447	 20
36	 612216	 20
37	 605716	 20
38	 591693	 20
39	 571157	 20
40	 566775	 20
41	 558149	 20
42	 529219	 20
43	 503115	 20
44	 490846	 20
45	 498965	 20
46	 509210	 20
47	 516935	 20
48	 535357	 20
49	 558029	 20
50	 577514	 20
51	 614269	 20
52	 674937	 20
53	 713667	 20
54	 712434	 20
55	 677319	 20
56	 621611	 20
57	 592642	 20
58	 568129	 20
59	 551151	 20
60	 542694	 20
61	 536866	 20
62	 542853	 20
63	 548915	 20
64	 546042	 20
65	 539028	 20
66	 518906	 20
67	 498769	 20
68	 484619	 20
69	 468285	 20
70	 451299	 20
71	 457399	 20
72	 512501	 20
73	 603734	 20
74	 686856	 20
75	 734815	 20
76	 757806	 20
77	 767332	 20
78	 763147	 20
79	 748123	 20
80	 711540	 20
81	 655487	 20
82	 585693	 20
83	 521908	 20
84	 506322	 20
85	 532324	 20
86	 566144	 20
87	 584360	 20
88	 580348	 20
89	 562559	 20
90	 534333	 20
91	 508234	 20
92	 484437	 20
93	 460502	 20
94	 422163	 20
95	 362710	 20
96	 316672	 20
97	 305002	 20
98	 309344	 20
99	 331078	 20
100	 353786	 20
101	 373824	 20
102	 382240	 20
103	 385224	 20
104	 387192	 20
105	 390619	 20
106	 394863	 20
107	 402839	 20
108	 409011	 20
109	 435970	 20
110	 475824	 20
111	 527792	 20
112	 571602	 20
113	 570395	 20
114	 533257	 20
115	 502238	 20
116	 478742	 20
117	 467778	 20
118	 467786	 20
119	 475780	 20
120	 502759	 20
121	 545805	 20
122	 599369	 20
123	 685734	 20
124	 764273	 20
125	 785742	 20
126	 782200	 20
127	 760348	 20
128	 732468	 20
129	 700776	 20
130	 641622	 20
131	 597788	 20
132	 554676	 20
133	 513135	 20
134	 503725	 20
135	 536350	 20
136	 554908	 20
137	 544280	 20
138	 527811	 20
139	 501151	 20
140	 478899	 20
141	 460696	 20
142	 428253	 20
143	 419460	 20
144	 377796	 20
145	 351786	 20
146	 391063	 20
147	 450261	 20
148	 513858	 20
149	 520860	 20
150	 514693	 20
151	 506605	 20
152	 497066	 20
153	 499424	 20
154	 499478	 20
155	 483153	 20
156	 459329	 20
157	 432340	 20
158	 417887	 20
159	 414081	 20
160	 439510	 20
161	 466059	 20
162	 475014	 20
163	 474709	 20
164	 479470	 20
165	 496288	 20
166	 545635	 20
167	 609867	 20
168	 645941	 20
169	 662974	 20
170	 717382	 20
171	 826832	 20
172	 918625	 20
173	 973500	 20
174	 965567	 20
175	 914218	 20
176	 857029	 20
177	 812115	 20
178	 777059	 20
179	 730489	 20
180	 625406	 20
181	 513317	 20
182	 458243	 20
183	 437393	 20
184	 428485	 20
185	 442816	 20
186	 470277	 20
187	 484800	 20
188	 492041	 20
189	 524382	 20
190	 581664	 20
191	 637296	 20
192	 678051	 20
193	 708132	 20
194	 727642	 20
195	 755281	 20
196	 783366	 20
197	 799914	 20
198	 786396	 20
199	 729054	 20
200	 667516	 20
201	 629452	 20
202	 595681	 20
203	 548537	 20
204	 485833	 20
205	 436447	 20
206	 412752	 20
207	 397977	 20
208	 402377	 20
209	 433867	 20
210	 461622	 20
211	 470729	 20
212	 474733	 20
213	 477446	 20
214	 495691	 20
215	 561363	 20
216	 671809	 20
217	 807555	 20
218	 915207	 20
219	 962056	 20
220	 982613	 20
221	 992654	 20
222	 984378	 20
223	 960265	 20
224	 904493	 20
225	 807556	 20
226	 687039	 20
227	 582783	 20
228	 513686	 20
229	 464945	 20
230	 423614	 20
231	 390618	 20
232	 371135	 20
233	 374400	 20
234	 409290	 20
235	 446489	 20
236	 461201	 20
237	 461574	 20
238	 458912	 20
239	 453742	 20
240	 452989	 20
241	 451509	 20
242	 444807	 20
243	 437683	 20
244	 436118	 20
245	 443488	 20
246	 446308	 20
247	 440223	 20
248	 426045	 20
249	 411059	 20
250	 401203	 20
251	 393448	 20
252	 389390	 20
253	 393028	 20
254	 396039	 20
255	 395001	 20
256	 391982	 20
257	 401130	 20
258	 432294	 20
259	 452261	 20
260	 455495	 20
261	 456005	 20
262	 449441	 20
263	 448658	 20
264	 451626	 20
265	 464299	 20
266	 488793	 20
267	 509476	 20
268	 553992	 20
269	 602188	 20
270	 617911	 20
271	 627414	 20
272	 612472	 20
273	 603966	 20
274	 590398	 20
275	 576267	 20
276	 559748	 20
277	 509885	 20
278	 456055	 20
279	 423697	 20
280	 380846	 20
281	 356477	 20
282	 345518	 20
283	 376576	 20
284	 420738	 20
285	 443804	 20
286	 454058	 20
287	 469989	 20
288	 494382	 20
289	 551345	 20
290	 137508	 20
291	 133814	 20
292	 130259	 20
293	 125742	 20
294	 122587	 20
295	 125177	 20
296	 125586	 20
297	 119984	 20
298	 110842	 20
299	 100267	 20
300	 90037	 20
301	 85785	 20
302	 83591	 20
303	 78227	 20
304	 72058	 20
305	 68105	 20
306	 71644	 20
307	 80674	 20
308	 90553	 20
309	 98280	 20
310	 111503	 20
311	 125340	 20
312	 140680	 20
313	 162824	 20
314	 21887	 20
315	 20610	 20
316	 20968	 20
317	 20428	 20
318	 19903	 20
319	 19096	 20
320	 18009	 20
321	 16724	 20
322	 15027	 20
323	 12900	 20
324	 10744	 20
325	 9395	 20
326	 8674	 20
327	 7966	 20
328	 7249	 20
329	 6384	 20
330	 5854	 20
331	 5770	 20
332	 6658	 19
333	 8519	 20
334	 10647	 20
335	 12542	 20
336	 14158	 20
337	 15668	 20
338	 166348	 20
339	 177623	 20
340	 181386	 20
341	 177124	 20
342	 169374	 20
343	 156850	 20
344	 141493	 20
345	 129415	 20
346	 116283	 20
347	 103480	 20
348	 93613	 20
349	 86234	 20
350	 80927	 20
351	 77479	 20
352	 71897	 20
353	 66272	 20
354	 60768	 20
355	 56577	 20
356	 56447	 20
357	 63597	 20
358	 78758	 20
359	 100045	 20
360	 126047	 20
361	 152383	 20
362	 19317	 20
363	 17975	 20
364	 18877	 20
365	 19734	 20
366	 20456	 20
367	 20328	 20
368	 19355	 20
369	 17845	 20
370	 16022	 20
371	 14513	 20
372	 13473	 20
373	 12638	 20
374	 11277	 20
375	 9495	 20
376	 8136	 20
377	 7255	 20
378	 6570	 20
379	 6218	 20
380	 6285	 20
381	 7033	 20
382	 8139	 20
383	 9229	 20
384	 10563	 20
385	 12037	 20
386	 637143	 20
387	 674374	 20
388	 687548	 20
389	 687121	 20
390	 676689	 20
391	 635586	 20
392	 585911	 20
393	 548069	 20
394	 503332	 20
395	 468034	 20
396	 445163	 20
397	 434048	 20
398	 420773	 20
399	 391201	 20
400	 363567	 20
401	 337078	 20
402	 308746	 20
403	 290304	 20
404	 281763	 20
405	 294226	 20
406	 341639	 20
407	 402724	 20
408	 447648	 20
409	 502857	 20
410	 570802	 20
411	 655077	 20
412	 731769	 20
413	 767441	 20
414	 759788	 20
415	 724886	 20
416	 682339	 20
417	 664352	 20
418	 645590	 20
419	 612479	 20
420	 565076	 20
421	 497408	 20
422	 450550	 20
423	 407170	 20
424	 364250	 20
425	 322011	 20
426	 285436	 20
427	 267232	 20
428	 259711	 20
429	 292192	 20
430	 359585	 20
431	 414815	 20
432	 455485	 20
433	 494542	 20
434	 111214	 20
435	 107788	 20
436	 109959	 20
437	 109510	 20
438	 109600	 20
439	 104428	 20
440	 96446	 20
441	 93705	 20
442	 90854	 20
443	 90797	 20
444	 89293	 20
445	 87113	 20
446	 80625	 20
447	 72992	 20
448	 67129	 20
449	 62592	 20
450	 57997	 20
451	 55185	 20
452	 53564	 19
453	 57395	 20
454	 74829	 20
455	 104944	 20
456	 140011	 20
457	 164495	 20
458	 20788	 20
459	 18359	 20
460	 18633	 20
461	 19398	 20
462	 20485	 20
463	 20578	 20
464	 19111	 20
465	 17111	 20
466	 15334	 20
467	 14417	 20
468	 13688	 20
469	 12747	 20
470	 11646	 20
471	 9957	 20
472	 8242	 20
473	 7353	 20
474	 6710	 20
475	 6330	 20
476	 6076	 20
477	 6668	 20
478	 8725	 20
479	 11938	 20
480	 15139	 20
481	 17324	 20
482	 18121	 20
483	 18319	 20
484	 18240	 20
485	 18088	 20
486	 17809	 20
487	 16914	 20
488	 14904	 20
489	 12766	 20
490	 11276	 20
491	 10398	 20
492	 9765	 20
493	 9026	 20
494	 8203	 20
495	 7491	 20
496	 6846	 20
497	 6413	 20
498	 6203	 20
499	 6029	 20
500	 5937	 20
501	 6011	 20
502	 6632	 20
503	 8571	 20
504	 11802	 20
505	 14885	 19
506	 1943	 20
507	 1817	 20
508	 1940	 20
509	 2089	 20
510	 2206	 20
511	 2209	 20
512	 2087	 20
513	 1866	 20
514	 1643	 20
515	 1505	 19
516	 1418	 20
517	 1295	 20
518	 1118	 20
519	 942	 20
520	 821	 19
521	 735	 20
522	 662	 20
523	 602	 19
524	 555	 20
525	 537	 20
526	 568	 20
527	 669	 20
528	 811	 19
529	 966	 20
530	 561643	 20
531	 643496	 20
532	 682396	 20
533	 703956	 20
534	 714650	 20
535	 714712	 20
536	 701665	 20
537	 669993	 20
538	 619627	 20
539	 568128	 20
540	 520874	 20
541	 494528	 20
542	 474645	 20
543	 444763	 20
544	 401974	 20
545	 362464	 20
546	 334784	 20
547	 310080	 20
548	 295607	 20
549	 291161	 20
550	 300541	 20
551	 355651	 20
552	 428470	 20
553	 512641	 20
554	 129160	 20
555	 135868	 20
556	 142545	 20
557	 147248	 20
558	 147149	 20
559	 152213	 20
560	 158154	 20
561	 160391	 20
562	 157844	 20
563	 149972	 20
564	 139438	 20
565	 134819	 20
566	 127554	 20
567	 118585	 20
568	 106809	 20
569	 89856	 20
570	 74746	 20
571	 68376	 20
572	 62920	 20
573	 60730	 20
574	 56716	 20
575	 56660	 20
576	 60396	 20
577	 68084	 20
578	 412287	 20
579	 497385	 20
580	 531540	 20
581	 552423	 20
582	 555610	 20
583	 560931	 20
584	 571642	 20
585	 587573	 20
586	 580710	 20
587	 550821	 20
588	 503841	 20
589	 466944	 20
590	 435839	 20
591	 406310	 20
592	 369656	 20
593	 338127	 20
594	 324393	 20
595	 307552	 20
596	 306624	 20
597	 324832	 20
598	 366208	 20
599	 427612	 20
600	 484078	 20
601	 545674	 20
602	 132791	 20
603	 140393	 20
604	 152096	 20
605	 166520	 20
606	 177041	 20
607	 179483	 20
608	 174452	 20
609	 169554	 20
610	 166109	 20
611	 155693	 20
612	 141467	 20
613	 128228	 20
614	 112301	 20
615	 95602	 20
616	 82628	 20
617	 75396	 20
618	 69881	 20
619	 64308	 20
620	 63302	 20
621	 71666	 20
622	 93398	 20
623	 117694	 20
624	 131596	 20
625	 140149	 20
626	 145562	 20
627	 154196	 20
628	 168459	 20
629	 176952	 20
630	 176990	 20
631	 166423	 20
632	 148742	 20
633	 138643	 20
634	 134716	 20
635	 129310	 20
636	 120076	 20
637	 104564	 20
638	 90764	 20
639	 82209	 20
640	 77235	 20
641	 72896	 20
642	 68576	 20
643	 66005	 20
644	 65266	 20
645	 69585	 20
646	 82409	 20
647	 99714	 20
648	 116872	 20
649	 131260	 20
650	 690337	 20
